Event based TLM
Project: RM219_0.5
Fri Apr 10 16:16:11 2009


Grid Analysis - 12 x 11 x 3 samples

Height = 0.500000

X		Y		PL(dB)
5.000000	2.000000	-48.100848
6.000000	2.000000	-52.329106
7.000000	2.000000	-55.934117
8.000000	2.000000	-57.966959
9.000000	2.000000	-59.970271
10.000000	2.000000	-59.124683
11.000000	2.000000	-58.810439
12.000000	2.000000	-56.558006
13.000000	2.000000	-57.059444
14.000000	2.000000	-59.003709
15.000000	2.000000	-61.001790
16.000000	2.000000	-59.921556
5.000000	3.000000	-47.478073
6.000000	3.000000	-51.556361
7.000000	3.000000	-53.067440
8.000000	3.000000	-56.733654
9.000000	3.000000	-58.354261
10.000000	3.000000	-57.979783
11.000000	3.000000	-57.157218
12.000000	3.000000	-55.291802
13.000000	3.000000	-57.305733
14.000000	3.000000	-59.387654
15.000000	3.000000	-59.381243
16.000000	3.000000	-60.169945
5.000000	4.000000	-47.560597
6.000000	4.000000	-55.051549
7.000000	4.000000	-52.610696
8.000000	4.000000	-52.775405
9.000000	4.000000	-53.627081
10.000000	4.000000	-54.617902
11.000000	4.000000	-56.840111
12.000000	4.000000	-58.252658
13.000000	4.000000	-56.849419
14.000000	4.000000	-57.171820
15.000000	4.000000	-60.719409
16.000000	4.000000	-61.430524
5.000000	5.000000	-46.625363
6.000000	5.000000	-50.868465
7.000000	5.000000	-50.177684
8.000000	5.000000	-53.644319
9.000000	5.000000	-54.596372
10.000000	5.000000	-58.684316
11.000000	5.000000	-61.120685
12.000000	5.000000	-59.675187
13.000000	5.000000	-59.983485
14.000000	5.000000	-61.583643
15.000000	5.000000	-61.547858
16.000000	5.000000	-60.030867
5.000000	6.000000	-44.506550
6.000000	6.000000	-51.625767
7.000000	6.000000	-50.702038
8.000000	6.000000	-57.004906
9.000000	6.000000	-59.816994
10.000000	6.000000	-60.108811
11.000000	6.000000	-60.275975
12.000000	6.000000	-59.774145
13.000000	6.000000	-59.713967
14.000000	6.000000	-61.416459
15.000000	6.000000	-63.936653
16.000000	6.000000	-64.381163
5.000000	7.000000	-48.760490
6.000000	7.000000	-48.885648
7.000000	7.000000	-52.188211
8.000000	7.000000	-55.334488
9.000000	7.000000	-55.933167
10.000000	7.000000	-54.489067
11.000000	7.000000	-52.545037
12.000000	7.000000	-55.597786
13.000000	7.000000	-56.994759
14.000000	7.000000	-56.608370
15.000000	7.000000	-59.806163
16.000000	7.000000	-61.465066
5.000000	8.000000	-51.921871
6.000000	8.000000	-50.408547
7.000000	8.000000	-51.950951
8.000000	8.000000	-52.664786
9.000000	8.000000	-51.861166
10.000000	8.000000	-55.280915
11.000000	8.000000	-56.964604
12.000000	8.000000	-56.876114
13.000000	8.000000	-57.771518
14.000000	8.000000	-59.093911
15.000000	8.000000	-61.622335
16.000000	8.000000	-63.338012
5.000000	9.000000	-54.805118
6.000000	9.000000	-55.069766
7.000000	9.000000	-51.451539
8.000000	9.000000	-55.448630
9.000000	9.000000	-53.690431
10.000000	9.000000	-55.936971
11.000000	9.000000	-59.809195
12.000000	9.000000	-58.746648
13.000000	9.000000	-55.859350
14.000000	9.000000	-56.892715
15.000000	9.000000	-58.249525
16.000000	9.000000	-61.610798
5.000000	10.000000	-56.233098
6.000000	10.000000	-55.046377
7.000000	10.000000	-52.474775
8.000000	10.000000	-54.302976
9.000000	10.000000	-53.690502
10.000000	10.000000	-52.445624
11.000000	10.000000	-49.923030
12.000000	10.000000	-54.596309
13.000000	10.000000	-53.715324
14.000000	10.000000	-56.286675
15.000000	10.000000	-62.665139
16.000000	10.000000	-61.695403
5.000000	11.000000	-58.934679
6.000000	11.000000	-56.887381
7.000000	11.000000	-54.192279
8.000000	11.000000	-57.804192
9.000000	11.000000	-54.121940
10.000000	11.000000	-57.787649
11.000000	11.000000	-57.297927
12.000000	11.000000	-58.333005
13.000000	11.000000	-58.481386
14.000000	11.000000	-56.962653
15.000000	11.000000	-60.069262
16.000000	11.000000	-60.964970
5.000000	11.500000	-56.135342
6.000000	11.500000	-53.100143
7.000000	11.500000	-50.497916
8.000000	11.500000	-55.513966
9.000000	11.500000	-53.191924
10.000000	11.500000	-54.626287
11.000000	11.500000	-53.212978
12.000000	11.500000	-53.956409
13.000000	11.500000	-51.572709
14.000000	11.500000	-54.670423
15.000000	11.500000	-59.821619
16.000000	11.500000	-60.424769

Height = 1.000000

X		Y		PL(dB)
5.000000	2.000000	-44.883511
6.000000	2.000000	-50.809122
7.000000	2.000000	-55.137863
8.000000	2.000000	-50.090449
9.000000	2.000000	-54.104749
10.000000	2.000000	-51.878998
11.000000	2.000000	-54.760552
12.000000	2.000000	-53.457864
13.000000	2.000000	-57.430060
14.000000	2.000000	-59.975439
15.000000	2.000000	-59.831346
16.000000	2.000000	-62.570132
5.000000	3.000000	-43.481063
6.000000	3.000000	-47.526494
7.000000	3.000000	-49.617617
8.000000	3.000000	-51.068533
9.000000	3.000000	-56.396527
10.000000	3.000000	-52.651881
11.000000	3.000000	-54.515700
12.000000	3.000000	-53.845707
13.000000	3.000000	-56.272388
14.000000	3.000000	-61.010260
15.000000	3.000000	-61.925426
16.000000	3.000000	-61.831711
5.000000	4.000000	-45.273774
6.000000	4.000000	-48.057063
7.000000	4.000000	-52.333665
8.000000	4.000000	-53.456482
9.000000	4.000000	-56.565624
10.000000	4.000000	-54.094372
11.000000	4.000000	-57.803162
12.000000	4.000000	-55.526780
13.000000	4.000000	-56.893630
14.000000	4.000000	-60.077208
15.000000	4.000000	-61.777899
16.000000	4.000000	-59.284109
5.000000	5.000000	-48.327828
6.000000	5.000000	-52.729566
7.000000	5.000000	-53.781406
8.000000	5.000000	-51.439128
9.000000	5.000000	-55.112089
10.000000	5.000000	-52.808460
11.000000	5.000000	-53.158124
12.000000	5.000000	-53.050043
13.000000	5.000000	-58.215850
14.000000	5.000000	-59.700026
15.000000	5.000000	-58.654007
16.000000	5.000000	-58.237614
5.000000	6.000000	-40.782063
6.000000	6.000000	-47.714975
7.000000	6.000000	-49.408182
8.000000	6.000000	-53.709211
9.000000	6.000000	-55.520816
10.000000	6.000000	-51.707372
11.000000	6.000000	-55.139637
12.000000	6.000000	-54.884102
13.000000	6.000000	-59.098690
14.000000	6.000000	-59.443960
15.000000	6.000000	-61.214703
16.000000	6.000000	-61.419587
5.000000	7.000000	-44.116422
6.000000	7.000000	-48.060020
7.000000	7.000000	-52.317474
8.000000	7.000000	-51.109603
9.000000	7.000000	-56.810759
10.000000	7.000000	-58.887447
11.000000	7.000000	-60.264119
12.000000	7.000000	-60.936703
13.000000	7.000000	-60.669757
14.000000	7.000000	-61.149255
15.000000	7.000000	-58.790508
16.000000	7.000000	-58.900622
5.000000	8.000000	-50.831515
6.000000	8.000000	-47.355869
7.000000	8.000000	-48.501752
8.000000	8.000000	-51.540617
9.000000	8.000000	-50.317482
10.000000	8.000000	-55.180529
11.000000	8.000000	-55.023211
12.000000	8.000000	-52.298939
13.000000	8.000000	-55.860321
14.000000	8.000000	-55.984347
15.000000	8.000000	-55.364222
16.000000	8.000000	-60.966322
5.000000	9.000000	-50.035702
6.000000	9.000000	-52.657476
7.000000	9.000000	-49.755009
8.000000	9.000000	-52.942077
9.000000	9.000000	-51.131526
10.000000	9.000000	-50.014189
11.000000	9.000000	-53.665630
12.000000	9.000000	-53.595180
13.000000	9.000000	-55.059435
14.000000	9.000000	-55.007221
15.000000	9.000000	-52.120112
16.000000	9.000000	-53.534760
5.000000	10.000000	-53.686171
6.000000	10.000000	-54.203244
7.000000	10.000000	-56.700056
8.000000	10.000000	-52.493654
9.000000	10.000000	-53.193694
10.000000	10.000000	-52.125800
11.000000	10.000000	-51.595792
12.000000	10.000000	-58.550427
13.000000	10.000000	-57.358929
14.000000	10.000000	-55.651709
15.000000	10.000000	-58.687414
16.000000	10.000000	-59.714706
5.000000	11.000000	-50.539787
6.000000	11.000000	-53.493252
7.000000	11.000000	-54.958996
8.000000	11.000000	-53.042035
9.000000	11.000000	-52.513926
10.000000	11.000000	-52.210555
11.000000	11.000000	-52.624591
12.000000	11.000000	-51.604400
13.000000	11.000000	-53.478792
14.000000	11.000000	-51.889115
15.000000	11.000000	-52.978023
16.000000	11.000000	-56.229160
5.000000	11.500000	-48.843340
6.000000	11.500000	-52.876157
7.000000	11.500000	-52.480219
8.000000	11.500000	-50.770537
9.000000	11.500000	-51.769002
10.000000	11.500000	-48.338421
11.000000	11.500000	-51.503359
12.000000	11.500000	-48.099793
13.000000	11.500000	-50.129604
14.000000	11.500000	-54.621496
15.000000	11.500000	-60.309421
16.000000	11.500000	-62.997444

Height = 1.500000

X		Y		PL(dB)
5.000000	2.000000	-48.883305
6.000000	2.000000	-51.558678
7.000000	2.000000	-52.127961
8.000000	2.000000	-48.587115
9.000000	2.000000	-53.866199
10.000000	2.000000	-52.504384
11.000000	2.000000	-52.359996
12.000000	2.000000	-56.331350
13.000000	2.000000	-55.438924
14.000000	2.000000	-56.270422
15.000000	2.000000	-58.052764
16.000000	2.000000	-57.905530
5.000000	3.000000	-46.912524
6.000000	3.000000	-49.908778
7.000000	3.000000	-51.318561
8.000000	3.000000	-55.629599
9.000000	3.000000	-52.946120
10.000000	3.000000	-52.705508
11.000000	3.000000	-53.816637
12.000000	3.000000	-55.600097
13.000000	3.000000	-54.710740
14.000000	3.000000	-54.625981
15.000000	3.000000	-55.445278
16.000000	3.000000	-56.912472
5.000000	4.000000	-46.822200
6.000000	4.000000	-46.395663
7.000000	4.000000	-52.031024
8.000000	4.000000	-55.314130
9.000000	4.000000	-53.540584
10.000000	4.000000	-55.329184
11.000000	4.000000	-53.357834
12.000000	4.000000	-56.685145
13.000000	4.000000	-55.565679
14.000000	4.000000	-54.935629
15.000000	4.000000	-57.135050
16.000000	4.000000	-57.908374
5.000000	5.000000	-46.826205
6.000000	5.000000	-47.284815
7.000000	5.000000	-51.573158
8.000000	5.000000	-53.632804
9.000000	5.000000	-55.504588
10.000000	5.000000	-53.642990
11.000000	5.000000	-59.962396
12.000000	5.000000	-60.531800
13.000000	5.000000	-57.950946
14.000000	5.000000	-59.882177
15.000000	5.000000	-58.704506
16.000000	5.000000	-57.011917
5.000000	6.000000	-44.277528
6.000000	6.000000	-48.171687
7.000000	6.000000	-49.682283
8.000000	6.000000	-53.030863
9.000000	6.000000	-53.251535
10.000000	6.000000	-53.694861
11.000000	6.000000	-54.826643
12.000000	6.000000	-56.498447
13.000000	6.000000	-56.580537
14.000000	6.000000	-58.933249
15.000000	6.000000	-61.596633
16.000000	6.000000	-59.794711
5.000000	7.000000	-42.269530
6.000000	7.000000	-44.292077
7.000000	7.000000	-49.526671
8.000000	7.000000	-47.687271
9.000000	7.000000	-52.876729
10.000000	7.000000	-55.164755
11.000000	7.000000	-52.770641
12.000000	7.000000	-54.529947
13.000000	7.000000	-55.455054
14.000000	7.000000	-53.145718
15.000000	7.000000	-56.324151
16.000000	7.000000	-58.776124
5.000000	8.000000	-47.488384
6.000000	8.000000	-46.713326
7.000000	8.000000	-47.779392
8.000000	8.000000	-50.598873
9.000000	8.000000	-51.655629
10.000000	8.000000	-55.294556
11.000000	8.000000	-58.336614
12.000000	8.000000	-58.258812
13.000000	8.000000	-60.353305
14.000000	8.000000	-59.706557
15.000000	8.000000	-60.920323
16.000000	8.000000	-61.740207
5.000000	9.000000	-52.816521
6.000000	9.000000	-49.266760
7.000000	9.000000	-49.670688
8.000000	9.000000	-50.345550
9.000000	9.000000	-49.290139
10.000000	9.000000	-47.828839
11.000000	9.000000	-53.829763
12.000000	9.000000	-57.000454
13.000000	9.000000	-53.588841
14.000000	9.000000	-55.316201
15.000000	9.000000	-54.895934
16.000000	9.000000	-57.054616
5.000000	10.000000	-56.091785
6.000000	10.000000	-50.266730
7.000000	10.000000	-53.349224
8.000000	10.000000	-50.158196
9.000000	10.000000	-50.987528
10.000000	10.000000	-52.643015
11.000000	10.000000	-50.940386
12.000000	10.000000	-55.041360
13.000000	10.000000	-51.433435
14.000000	10.000000	-54.588145
15.000000	10.000000	-59.350278
16.000000	10.000000	-58.427614
5.000000	11.000000	-54.553254
6.000000	11.000000	-53.302683
7.000000	11.000000	-51.961763
8.000000	11.000000	-52.451833
9.000000	11.000000	-51.038963
10.000000	11.000000	-51.531837
11.000000	11.000000	-52.924465
12.000000	11.000000	-54.001186
13.000000	11.000000	-55.294110
14.000000	11.000000	-55.135275
15.000000	11.000000	-56.685525
16.000000	11.000000	-56.870593
5.000000	11.500000	-53.043398
6.000000	11.500000	-49.514847
7.000000	11.500000	-51.204823
8.000000	11.500000	-51.680346
9.000000	11.500000	-51.120797
10.000000	11.500000	-50.141196
11.000000	11.500000	-54.221012
12.000000	11.500000	-52.498331
13.000000	11.500000	-50.032046
14.000000	11.500000	-55.032560
15.000000	11.500000	-55.698684
16.000000	11.500000	-57.775078
