Event based TLM
Project: RM219_1.0
Sun Feb 15 17:26:41 2009


Grid Analysis - 12 x 11 x 3 samples

Height = 0.000000

X		Y		PL(dB)
5.000000	2.000000	-50.406903
6.000000	2.000000	-52.148153
7.000000	2.000000	-53.574405
8.000000	2.000000	-57.158513
9.000000	2.000000	-60.056973
10.000000	2.000000	-58.253529
11.000000	2.000000	-58.530157
12.000000	2.000000	-60.921160
13.000000	2.000000	-64.669032
14.000000	2.000000	-66.265458
15.000000	2.000000	-65.962518
16.000000	2.000000	-68.660031
5.000000	3.000000	-45.913439
6.000000	3.000000	-49.368369
7.000000	3.000000	-52.284861
8.000000	3.000000	-54.721606
9.000000	3.000000	-62.123210
10.000000	3.000000	-64.037151
11.000000	3.000000	-64.813551
12.000000	3.000000	-64.552344
13.000000	3.000000	-66.943002
14.000000	3.000000	-67.980130
15.000000	3.000000	-70.799422
16.000000	3.000000	-69.684865
5.000000	4.000000	-43.760451
6.000000	4.000000	-46.873642
7.000000	4.000000	-48.529410
8.000000	4.000000	-53.056628
9.000000	4.000000	-60.322448
10.000000	4.000000	-59.163598
11.000000	4.000000	-59.088204
12.000000	4.000000	-61.877764
13.000000	4.000000	-65.120966
14.000000	4.000000	-65.090729
15.000000	4.000000	-65.676104
16.000000	4.000000	-65.289932
5.000000	5.000000	-48.991393
6.000000	5.000000	-49.847701
7.000000	5.000000	-49.873187
8.000000	5.000000	-52.783160
9.000000	5.000000	-57.721515
10.000000	5.000000	-62.318570
11.000000	5.000000	-62.439280
12.000000	5.000000	-64.604505
13.000000	5.000000	-65.543518
14.000000	5.000000	-63.598239
15.000000	5.000000	-62.516053
16.000000	5.000000	-62.345807
5.000000	6.000000	-47.581651
6.000000	6.000000	-52.436548
7.000000	6.000000	-52.777530
8.000000	6.000000	-54.986620
9.000000	6.000000	-57.737777
10.000000	6.000000	-58.260107
11.000000	6.000000	-59.619115
12.000000	6.000000	-61.922642
13.000000	6.000000	-62.990187
14.000000	6.000000	-63.691107
15.000000	6.000000	-63.506431
16.000000	6.000000	-67.615994
5.000000	7.000000	-47.821599
6.000000	7.000000	-49.437520
7.000000	7.000000	-52.531431
8.000000	7.000000	-57.219678
9.000000	7.000000	-59.372797
10.000000	7.000000	-59.991490
11.000000	7.000000	-58.459412
12.000000	7.000000	-59.633292
13.000000	7.000000	-64.368182
14.000000	7.000000	-64.689786
15.000000	7.000000	-62.744607
16.000000	7.000000	-64.360734
5.000000	8.000000	-48.732732
6.000000	8.000000	-49.475930
7.000000	8.000000	-51.641453
8.000000	8.000000	-53.772958
9.000000	8.000000	-54.928614
10.000000	8.000000	-57.819159
11.000000	8.000000	-57.940907
12.000000	8.000000	-59.980088
13.000000	8.000000	-63.408662
14.000000	8.000000	-66.397031
15.000000	8.000000	-66.241089
16.000000	8.000000	-68.230332
5.000000	9.000000	-52.388893
6.000000	9.000000	-51.684092
7.000000	9.000000	-51.886574
8.000000	9.000000	-53.233506
9.000000	9.000000	-53.489211
10.000000	9.000000	-55.932836
11.000000	9.000000	-59.192665
12.000000	9.000000	-61.143219
13.000000	9.000000	-62.387281
14.000000	9.000000	-62.520433
15.000000	9.000000	-64.966902
16.000000	9.000000	-67.158732
5.000000	10.000000	-57.525848
6.000000	10.000000	-56.132213
7.000000	10.000000	-56.564904
8.000000	10.000000	-59.081786
9.000000	10.000000	-61.096451
10.000000	10.000000	-61.670650
11.000000	10.000000	-55.406210
12.000000	10.000000	-58.522547
13.000000	10.000000	-61.998961
14.000000	10.000000	-61.801471
15.000000	10.000000	-64.730229
16.000000	10.000000	-65.078514
5.000000	11.000000	-62.089849
6.000000	11.000000	-59.441881
7.000000	11.000000	-58.342228
8.000000	11.000000	-60.754286
9.000000	11.000000	-59.837017
10.000000	11.000000	-63.720603
11.000000	11.000000	-66.358104
12.000000	11.000000	-66.393109
13.000000	11.000000	-67.170064
14.000000	11.000000	-65.273959
15.000000	11.000000	-70.305330
16.000000	11.000000	-69.444585
5.000000	11.000000	-62.089849
6.000000	11.000000	-59.441881
7.000000	11.000000	-58.342228
8.000000	11.000000	-60.754286
9.000000	11.000000	-59.837017
10.000000	11.000000	-63.720603
11.000000	11.000000	-66.358104
12.000000	11.000000	-66.393109
13.000000	11.000000	-67.170064
14.000000	11.000000	-65.273959
15.000000	11.000000	-70.305330
16.000000	11.000000	-69.444585

Height = 1.000000

X		Y		PL(dB)
5.000000	2.000000	-47.200366
6.000000	2.000000	-50.479311
7.000000	2.000000	-53.964770
8.000000	2.000000	-58.481504
9.000000	2.000000	-58.218456
10.000000	2.000000	-52.395961
11.000000	2.000000	-56.989811
12.000000	2.000000	-60.068628
13.000000	2.000000	-57.948586
14.000000	2.000000	-60.653550
15.000000	2.000000	-62.527197
16.000000	2.000000	-64.420058
5.000000	3.000000	-43.524706
6.000000	3.000000	-47.407973
7.000000	3.000000	-52.021503
8.000000	3.000000	-56.275798
9.000000	3.000000	-53.498564
10.000000	3.000000	-54.548663
11.000000	3.000000	-57.268431
12.000000	3.000000	-58.849471
13.000000	3.000000	-58.481249
14.000000	3.000000	-60.662415
15.000000	3.000000	-62.958293
16.000000	3.000000	-65.184068
5.000000	4.000000	-43.231043
6.000000	4.000000	-46.775908
7.000000	4.000000	-49.925441
8.000000	4.000000	-53.621010
9.000000	4.000000	-58.386600
10.000000	4.000000	-56.582574
11.000000	4.000000	-58.382180
12.000000	4.000000	-59.187293
13.000000	4.000000	-59.148679
14.000000	4.000000	-59.454365
15.000000	4.000000	-61.322500
16.000000	4.000000	-59.091672
5.000000	5.000000	-45.331728
6.000000	5.000000	-48.810292
7.000000	5.000000	-48.966586
8.000000	5.000000	-53.521360
9.000000	5.000000	-53.658121
10.000000	5.000000	-54.213942
11.000000	5.000000	-57.300845
12.000000	5.000000	-58.883118
13.000000	5.000000	-58.859757
14.000000	5.000000	-62.399571
15.000000	5.000000	-64.452062
16.000000	5.000000	-61.818042
5.000000	6.000000	-42.785759
6.000000	6.000000	-49.282113
7.000000	6.000000	-51.196748
8.000000	6.000000	-51.556213
9.000000	6.000000	-52.812891
10.000000	6.000000	-53.790046
11.000000	6.000000	-56.728818
12.000000	6.000000	-56.477333
13.000000	6.000000	-55.372310
14.000000	6.000000	-56.458591
15.000000	6.000000	-58.457157
16.000000	6.000000	-62.105158
5.000000	7.000000	-46.207602
6.000000	7.000000	-49.021009
7.000000	7.000000	-48.997203
8.000000	7.000000	-49.579686
9.000000	7.000000	-51.510119
10.000000	7.000000	-53.810532
11.000000	7.000000	-57.617679
12.000000	7.000000	-60.905839
13.000000	7.000000	-63.209634
14.000000	7.000000	-61.840630
15.000000	7.000000	-62.504617
16.000000	7.000000	-60.615252
5.000000	8.000000	-47.768801
6.000000	8.000000	-48.846999
7.000000	8.000000	-49.330024
8.000000	8.000000	-50.711946
9.000000	8.000000	-52.982363
10.000000	8.000000	-52.325511
11.000000	8.000000	-53.707447
12.000000	8.000000	-57.942057
13.000000	8.000000	-58.861660
14.000000	8.000000	-59.535701
15.000000	8.000000	-62.667592
16.000000	8.000000	-65.912052
5.000000	9.000000	-53.191380
6.000000	9.000000	-51.718183
7.000000	9.000000	-50.179909
8.000000	9.000000	-52.306726
9.000000	9.000000	-54.919787
10.000000	9.000000	-54.015842
11.000000	9.000000	-57.778173
12.000000	9.000000	-56.613976
13.000000	9.000000	-53.485681
14.000000	9.000000	-54.459479
15.000000	9.000000	-59.162581
16.000000	9.000000	-58.530383
5.000000	10.000000	-55.917580
6.000000	10.000000	-55.598501
7.000000	10.000000	-53.145652
8.000000	10.000000	-54.159090
9.000000	10.000000	-54.297578
10.000000	10.000000	-51.955218
11.000000	10.000000	-53.189076
12.000000	10.000000	-56.120211
13.000000	10.000000	-58.154263
14.000000	10.000000	-62.006789
15.000000	10.000000	-63.164047
16.000000	10.000000	-64.098028
5.000000	11.000000	-55.320944
6.000000	11.000000	-57.873796
7.000000	11.000000	-55.080856
8.000000	11.000000	-54.071975
9.000000	11.000000	-52.034681
10.000000	11.000000	-54.233292
11.000000	11.000000	-55.961190
12.000000	11.000000	-57.117820
13.000000	11.000000	-54.480160
14.000000	11.000000	-55.910320
15.000000	11.000000	-59.281796
16.000000	11.000000	-61.372047
5.000000	11.000000	-55.320944
6.000000	11.000000	-57.873796
7.000000	11.000000	-55.080856
8.000000	11.000000	-54.071975
9.000000	11.000000	-52.034681
10.000000	11.000000	-54.233292
11.000000	11.000000	-55.961190
12.000000	11.000000	-57.117820
13.000000	11.000000	-54.480160
14.000000	11.000000	-55.910320
15.000000	11.000000	-59.281796
16.000000	11.000000	-61.372047

Height = 1.000000

X		Y		PL(dB)
5.000000	2.000000	-47.200366
6.000000	2.000000	-50.479311
7.000000	2.000000	-53.964770
8.000000	2.000000	-58.481504
9.000000	2.000000	-58.218456
10.000000	2.000000	-52.395961
11.000000	2.000000	-56.989811
12.000000	2.000000	-60.068628
13.000000	2.000000	-57.948586
14.000000	2.000000	-60.653550
15.000000	2.000000	-62.527197
16.000000	2.000000	-64.420058
5.000000	3.000000	-43.524706
6.000000	3.000000	-47.407973
7.000000	3.000000	-52.021503
8.000000	3.000000	-56.275798
9.000000	3.000000	-53.498564
10.000000	3.000000	-54.548663
11.000000	3.000000	-57.268431
12.000000	3.000000	-58.849471
13.000000	3.000000	-58.481249
14.000000	3.000000	-60.662415
15.000000	3.000000	-62.958293
16.000000	3.000000	-65.184068
5.000000	4.000000	-43.231043
6.000000	4.000000	-46.775908
7.000000	4.000000	-49.925441
8.000000	4.000000	-53.621010
9.000000	4.000000	-58.386600
10.000000	4.000000	-56.582574
11.000000	4.000000	-58.382180
12.000000	4.000000	-59.187293
13.000000	4.000000	-59.148679
14.000000	4.000000	-59.454365
15.000000	4.000000	-61.322500
16.000000	4.000000	-59.091672
5.000000	5.000000	-45.331728
6.000000	5.000000	-48.810292
7.000000	5.000000	-48.966586
8.000000	5.000000	-53.521360
9.000000	5.000000	-53.658121
10.000000	5.000000	-54.213942
11.000000	5.000000	-57.300845
12.000000	5.000000	-58.883118
13.000000	5.000000	-58.859757
14.000000	5.000000	-62.399571
15.000000	5.000000	-64.452062
16.000000	5.000000	-61.818042
5.000000	6.000000	-42.785759
6.000000	6.000000	-49.282113
7.000000	6.000000	-51.196748
8.000000	6.000000	-51.556213
9.000000	6.000000	-52.812891
10.000000	6.000000	-53.790046
11.000000	6.000000	-56.728818
12.000000	6.000000	-56.477333
13.000000	6.000000	-55.372310
14.000000	6.000000	-56.458591
15.000000	6.000000	-58.457157
16.000000	6.000000	-62.105158
5.000000	7.000000	-46.207602
6.000000	7.000000	-49.021009
7.000000	7.000000	-48.997203
8.000000	7.000000	-49.579686
9.000000	7.000000	-51.510119
10.000000	7.000000	-53.810532
11.000000	7.000000	-57.617679
12.000000	7.000000	-60.905839
13.000000	7.000000	-63.209634
14.000000	7.000000	-61.840630
15.000000	7.000000	-62.504617
16.000000	7.000000	-60.615252
5.000000	8.000000	-47.768801
6.000000	8.000000	-48.846999
7.000000	8.000000	-49.330024
8.000000	8.000000	-50.711946
9.000000	8.000000	-52.982363
10.000000	8.000000	-52.325511
11.000000	8.000000	-53.707447
12.000000	8.000000	-57.942057
13.000000	8.000000	-58.861660
14.000000	8.000000	-59.535701
15.000000	8.000000	-62.667592
16.000000	8.000000	-65.912052
5.000000	9.000000	-53.191380
6.000000	9.000000	-51.718183
7.000000	9.000000	-50.179909
8.000000	9.000000	-52.306726
9.000000	9.000000	-54.919787
10.000000	9.000000	-54.015842
11.000000	9.000000	-57.778173
12.000000	9.000000	-56.613976
13.000000	9.000000	-53.485681
14.000000	9.000000	-54.459479
15.000000	9.000000	-59.162581
16.000000	9.000000	-58.530383
5.000000	10.000000	-55.917580
6.000000	10.000000	-55.598501
7.000000	10.000000	-53.145652
8.000000	10.000000	-54.159090
9.000000	10.000000	-54.297578
10.000000	10.000000	-51.955218
11.000000	10.000000	-53.189076
12.000000	10.000000	-56.120211
13.000000	10.000000	-58.154263
14.000000	10.000000	-62.006789
15.000000	10.000000	-63.164047
16.000000	10.000000	-64.098028
5.000000	11.000000	-55.320944
6.000000	11.000000	-57.873796
7.000000	11.000000	-55.080856
8.000000	11.000000	-54.071975
9.000000	11.000000	-52.034681
10.000000	11.000000	-54.233292
11.000000	11.000000	-55.961190
12.000000	11.000000	-57.117820
13.000000	11.000000	-54.480160
14.000000	11.000000	-55.910320
15.000000	11.000000	-59.281796
16.000000	11.000000	-61.372047
5.000000	11.000000	-55.320944
6.000000	11.000000	-57.873796
7.000000	11.000000	-55.080856
8.000000	11.000000	-54.071975
9.000000	11.000000	-52.034681
10.000000	11.000000	-54.233292
11.000000	11.000000	-55.961190
12.000000	11.000000	-57.117820
13.000000	11.000000	-54.480160
14.000000	11.000000	-55.910320
15.000000	11.000000	-59.281796
16.000000	11.000000	-61.372047
