Event based TLM
Project: RM219_0.07
Sun Feb 15 17:07:19 2009


Grid Analysis - 12 x 11 x 3 samples

Height = 0.490000

X		Y		PL(dB)
4.970000	2.030000	-48.332735
6.020000	2.030000	-51.144971
7.000000	2.030000	-49.768515
7.980000	2.030000	-51.244116
9.030000	2.030000	-55.105837
10.010000	2.030000	-59.092836
10.990000	2.030000	-62.700476
11.970000	2.030000	-61.006172
13.020000	2.030000	-65.389432
14.000000	2.030000	-69.404935
14.980000	2.030000	-66.159038
16.030000	2.030000	-68.598781
4.970000	3.010000	-48.370688
6.020000	3.010000	-55.001272
7.000000	3.010000	-55.593469
7.980000	3.010000	-54.156530
9.030000	3.010000	-58.639665
10.010000	3.010000	-63.034469
10.990000	3.010000	-63.855119
11.970000	3.010000	-61.865858
13.020000	3.010000	-67.362082
14.000000	3.010000	-68.395415
14.980000	3.010000	-66.868085
16.030000	3.010000	-67.429949
4.970000	3.990000	-49.495736
6.020000	3.990000	-51.348831
7.000000	3.990000	-52.044422
7.980000	3.990000	-52.209147
9.030000	3.990000	-55.946809
10.010000	3.990000	-59.317175
10.990000	3.990000	-61.095339
11.970000	3.990000	-60.827690
13.020000	3.990000	-66.617715
14.000000	3.990000	-65.407460
14.980000	3.990000	-66.215587
16.030000	3.990000	-70.433112
4.970000	4.970000	-50.786645
6.020000	4.970000	-51.335845
7.000000	4.970000	-52.403362
7.980000	4.970000	-54.922227
9.030000	4.970000	-61.790443
10.010000	4.970000	-59.164938
10.990000	4.970000	-58.277287
11.970000	4.970000	-62.163377
13.020000	4.970000	-67.408877
14.000000	4.970000	-66.185413
14.980000	4.970000	-65.102768
16.030000	4.970000	-66.555794
4.970000	6.020000	-46.211732
6.020000	6.020000	-52.273486
7.000000	6.020000	-54.347022
7.980000	6.020000	-55.088596
9.030000	6.020000	-59.852185
10.010000	6.020000	-60.200842
10.990000	6.020000	-58.010640
11.970000	6.020000	-60.376551
13.020000	6.020000	-63.343109
14.000000	6.020000	-64.842972
14.980000	6.020000	-62.889571
16.030000	6.020000	-68.623027
4.970000	7.000000	-48.815197
6.020000	7.000000	-49.936535
7.000000	7.000000	-55.537481
7.980000	7.000000	-54.960165
9.030000	7.000000	-56.819883
10.010000	7.000000	-60.286836
10.990000	7.000000	-60.322800
11.970000	7.000000	-64.124904
13.020000	7.000000	-65.811790
14.000000	7.000000	-65.791159
14.980000	7.000000	-61.189129
16.030000	7.000000	-69.646683
4.970000	7.980000	-50.146809
6.020000	7.980000	-51.502924
7.000000	7.980000	-52.854083
7.980000	7.980000	-51.905860
9.030000	7.980000	-57.106587
10.010000	7.980000	-60.081164
10.990000	7.980000	-57.278124
11.970000	7.980000	-65.017580
13.020000	7.980000	-66.240461
14.000000	7.980000	-65.491215
14.980000	7.980000	-66.586456
16.030000	7.980000	-67.425680
4.970000	9.030000	-54.196168
6.020000	9.030000	-52.261934
7.000000	9.030000	-51.926481
7.980000	9.030000	-51.494880
9.030000	9.030000	-54.224189
10.010000	9.030000	-60.046203
10.990000	9.030000	-59.694207
11.970000	9.030000	-62.184042
13.020000	9.030000	-64.102441
14.000000	9.030000	-62.440761
14.980000	9.030000	-65.368824
16.030000	9.030000	-65.170203
4.970000	10.010000	-55.713080
6.020000	10.010000	-57.339051
7.000000	10.010000	-57.411760
7.980000	10.010000	-56.370381
9.030000	10.010000	-55.375301
10.010000	10.010000	-61.472762
10.990000	10.010000	-60.881829
11.970000	10.010000	-61.136877
13.020000	10.010000	-64.131598
14.000000	10.010000	-64.425329
14.980000	10.010000	-64.482820
16.030000	10.010000	-67.169217
4.970000	10.990000	-55.774314
6.020000	10.990000	-56.802150
7.000000	10.990000	-56.965643
7.980000	10.990000	-57.878794
9.030000	10.990000	-57.488470
10.010000	10.990000	-60.284969
10.990000	10.990000	-58.532608
11.970000	10.990000	-62.054007
13.020000	10.990000	-65.958596
14.000000	10.990000	-65.376443
14.980000	10.990000	-65.188097
16.030000	10.990000	-67.621596
4.970000	11.480000	-58.078644
6.020000	11.480000	-59.101471
7.000000	11.480000	-57.760312
7.980000	11.480000	-58.924269
9.030000	11.480000	-53.697947
10.010000	11.480000	-58.669838
10.990000	11.480000	-59.011640
11.970000	11.480000	-61.767370
13.020000	11.480000	-64.662929
14.000000	11.480000	-63.278978
14.980000	11.480000	-68.057938
16.030000	11.480000	-66.474260

Height = 0.980000

X		Y		PL(dB)
4.970000	2.030000	-52.251788
6.020000	2.030000	-54.729958
7.000000	2.030000	-55.964090
7.980000	2.030000	-54.179080
9.030000	2.030000	-55.294848
10.010000	2.030000	-55.749569
10.990000	2.030000	-58.922977
11.970000	2.030000	-57.733273
13.020000	2.030000	-60.076730
14.000000	2.030000	-65.526005
14.980000	2.030000	-64.941602
16.030000	2.030000	-65.691197
4.970000	3.010000	-49.835334
6.020000	3.010000	-56.949109
7.000000	3.010000	-54.222555
7.980000	3.010000	-52.801642
9.030000	3.010000	-53.932516
10.010000	3.010000	-57.403369
10.990000	3.010000	-54.512205
11.970000	3.010000	-61.807497
13.020000	3.010000	-61.946152
14.000000	3.010000	-65.722902
14.980000	3.010000	-64.431454
16.030000	3.010000	-65.369702
4.970000	3.990000	-52.577087
6.020000	3.990000	-54.265393
7.000000	3.990000	-55.695527
7.980000	3.990000	-54.213243
9.030000	3.990000	-55.906670
10.010000	3.990000	-57.117591
10.990000	3.990000	-58.680470
11.970000	3.990000	-54.734656
13.020000	3.990000	-62.654456
14.000000	3.990000	-66.093094
14.980000	3.990000	-63.907908
16.030000	3.990000	-66.916146
4.970000	4.970000	-56.641138
6.020000	4.970000	-55.067840
7.000000	4.970000	-57.985426
7.980000	4.970000	-56.209157
9.030000	4.970000	-55.434567
10.010000	4.970000	-57.164797
10.990000	4.970000	-56.227780
11.970000	4.970000	-60.001817
13.020000	4.970000	-64.804914
14.000000	4.970000	-64.454715
14.980000	4.970000	-66.280556
16.030000	4.970000	-66.461230
4.970000	6.020000	-46.456845
6.020000	6.020000	-54.319103
7.000000	6.020000	-54.652860
7.980000	6.020000	-56.922473
9.030000	6.020000	-54.996078
10.010000	6.020000	-58.003893
10.990000	6.020000	-61.552004
11.970000	6.020000	-63.385741
13.020000	6.020000	-67.054467
14.000000	6.020000	-65.388894
14.980000	6.020000	-62.639500
16.030000	6.020000	-62.684756
4.970000	7.000000	-54.949020
6.020000	7.000000	-53.889790
7.000000	7.000000	-56.406796
7.980000	7.000000	-53.346093
9.030000	7.000000	-54.330815
10.010000	7.000000	-57.488032
10.990000	7.000000	-59.413714
11.970000	7.000000	-59.265084
13.020000	7.000000	-60.295711
14.000000	7.000000	-65.985620
14.980000	7.000000	-63.501443
16.030000	7.000000	-65.091464
4.970000	7.980000	-55.253593
6.020000	7.980000	-54.946387
7.000000	7.980000	-56.733589
7.980000	7.980000	-54.573905
9.030000	7.980000	-54.884056
10.010000	7.980000	-57.182632
10.990000	7.980000	-62.463777
11.970000	7.980000	-59.999330
13.020000	7.980000	-61.675784
14.000000	7.980000	-62.915362
14.980000	7.980000	-64.022708
16.030000	7.980000	-65.869131
4.970000	9.030000	-55.999295
6.020000	9.030000	-53.358764
7.000000	9.030000	-53.804739
7.980000	9.030000	-55.733475
9.030000	9.030000	-51.373955
10.010000	9.030000	-55.243562
10.990000	9.030000	-58.850311
11.970000	9.030000	-58.228088
13.020000	9.030000	-58.875876
14.000000	9.030000	-63.629485
14.980000	9.030000	-64.043514
16.030000	9.030000	-64.496858
4.970000	10.010000	-54.939069
6.020000	10.010000	-56.348158
7.000000	10.010000	-55.640217
7.980000	10.010000	-56.027136
9.030000	10.010000	-54.551443
10.010000	10.010000	-55.901339
10.990000	10.010000	-57.087756
11.970000	10.010000	-59.267476
13.020000	10.010000	-55.856859
14.000000	10.010000	-62.218925
14.980000	10.010000	-64.471595
16.030000	10.010000	-61.992084
4.970000	10.990000	-56.139107
6.020000	10.990000	-55.061123
7.000000	10.990000	-56.007582
7.980000	10.990000	-55.027179
9.030000	10.990000	-52.740196
10.010000	10.990000	-57.157286
10.990000	10.990000	-57.474526
11.970000	10.990000	-57.067916
13.020000	10.990000	-55.795204
14.000000	10.990000	-63.231323
14.980000	10.990000	-62.648022
16.030000	10.990000	-63.119427
4.970000	11.480000	-57.288293
6.020000	11.480000	-54.686569
7.000000	11.480000	-53.562497
7.980000	11.480000	-58.699868
9.030000	11.480000	-54.832924
10.010000	11.480000	-53.176490
10.990000	11.480000	-59.696641
11.970000	11.480000	-58.364765
13.020000	11.480000	-57.288354
14.000000	11.480000	-60.836407
14.980000	11.480000	-63.591777
16.030000	11.480000	-61.986410

Height = 1.470000

X		Y		PL(dB)
4.970000	2.030000	-49.709607
6.020000	2.030000	-51.825843
7.000000	2.030000	-52.665275
7.980000	2.030000	-57.225006
9.030000	2.030000	-64.011641
10.010000	2.030000	-63.765787
10.990000	2.030000	-66.066659
11.970000	2.030000	-67.600021
13.020000	2.030000	-65.484781
14.000000	2.030000	-62.513417
14.980000	2.030000	-62.473536
16.030000	2.030000	-61.948155
4.970000	3.010000	-53.807885
6.020000	3.010000	-51.426406
7.000000	3.010000	-56.281557
7.980000	3.010000	-61.907387
9.030000	3.010000	-61.016932
10.010000	3.010000	-60.298346
10.990000	3.010000	-60.755189
11.970000	3.010000	-65.682739
13.020000	3.010000	-63.566042
14.000000	3.010000	-63.350341
14.980000	3.010000	-63.856527
16.030000	3.010000	-64.580603
4.970000	3.990000	-53.600170
6.020000	3.990000	-52.258025
7.000000	3.990000	-53.810098
7.980000	3.990000	-59.449894
9.030000	3.990000	-62.623825
10.010000	3.990000	-64.064507
10.990000	3.990000	-64.074123
11.970000	3.990000	-64.872648
13.020000	3.990000	-65.630046
14.000000	3.990000	-64.935272
14.980000	3.990000	-61.866045
16.030000	3.990000	-64.461136
4.970000	4.970000	-55.175372
6.020000	4.970000	-50.918795
7.000000	4.970000	-57.094192
7.980000	4.970000	-61.560774
9.030000	4.970000	-61.018353
10.010000	4.970000	-61.653191
10.990000	4.970000	-61.584824
11.970000	4.970000	-62.000716
13.020000	4.970000	-61.911179
14.000000	4.970000	-59.285639
14.980000	4.970000	-61.378252
16.030000	4.970000	-59.056161
4.970000	6.020000	-53.875856
6.020000	6.020000	-53.703793
7.000000	6.020000	-55.074727
7.980000	6.020000	-58.504386
9.030000	6.020000	-60.154072
10.010000	6.020000	-60.732328
10.990000	6.020000	-58.618636
11.970000	6.020000	-62.467201
13.020000	6.020000	-63.130461
14.000000	6.020000	-64.947055
14.980000	6.020000	-61.085693
16.030000	6.020000	-62.541938
4.970000	7.000000	-52.256269
6.020000	7.000000	-50.759014
7.000000	7.000000	-53.648630
7.980000	7.000000	-61.947610
9.030000	7.000000	-58.907480
10.010000	7.000000	-58.937396
10.990000	7.000000	-62.539685
11.970000	7.000000	-63.574581
13.020000	7.000000	-62.772026
14.000000	7.000000	-61.917739
14.980000	7.000000	-61.638997
16.030000	7.000000	-62.225812
4.970000	7.980000	-53.324371
6.020000	7.980000	-50.073840
7.000000	7.980000	-53.658672
7.980000	7.980000	-58.156167
9.030000	7.980000	-62.095259
10.010000	7.980000	-60.761635
10.990000	7.980000	-59.879908
11.970000	7.980000	-63.924313
13.020000	7.980000	-63.732417
14.000000	7.980000	-59.371516
14.980000	7.980000	-59.869074
16.030000	7.980000	-62.317746
4.970000	9.030000	-58.323026
6.020000	9.030000	-62.115507
7.000000	9.030000	-59.036534
7.980000	9.030000	-59.021821
9.030000	9.030000	-59.692078
10.010000	9.030000	-57.989058
10.990000	9.030000	-58.068628
11.970000	9.030000	-62.809007
13.020000	9.030000	-61.320709
14.000000	9.030000	-58.751798
14.980000	9.030000	-59.260383
16.030000	9.030000	-58.910169
4.970000	10.010000	-60.337257
6.020000	10.010000	-61.978298
7.000000	10.010000	-58.970133
7.980000	10.010000	-60.372910
9.030000	10.010000	-60.719740
10.010000	10.010000	-56.967564
10.990000	10.010000	-60.260079
11.970000	10.010000	-63.186530
13.020000	10.010000	-60.683077
14.000000	10.010000	-58.250338
14.980000	10.010000	-61.870003
16.030000	10.010000	-58.170899
4.970000	10.990000	-63.238658
6.020000	10.990000	-60.563200
7.000000	10.990000	-59.325120
7.980000	10.990000	-60.143861
9.030000	10.990000	-57.841001
10.010000	10.990000	-58.615093
10.990000	10.990000	-58.432278
11.970000	10.990000	-63.016515
13.020000	10.990000	-62.306705
14.000000	10.990000	-60.184538
14.980000	10.990000	-59.171625
16.030000	10.990000	-61.809185
4.970000	11.480000	-59.950288
6.020000	11.480000	-59.115088
7.000000	11.480000	-55.757352
7.980000	11.480000	-59.742610
9.030000	11.480000	-55.870052
10.010000	11.480000	-56.497907
10.990000	11.480000	-58.872945
11.970000	11.480000	-61.493559
13.020000	11.480000	-60.413844
14.000000	11.480000	-60.145347
14.980000	11.480000	-61.417046
16.030000	11.480000	-61.220012
