Event based TLM
Project: RM219_90
Fri Feb 13 21:52:29 2009


Grid Analysis - 12 x 11 x 3 samples

Height = 0.500000

X		Y		PL(dB)
5.000000	2.000000	-58.306948
6.000000	2.000000	-68.853612
7.000000	2.000000	-71.686085
8.000000	2.000000	-79.041568
9.000000	2.000000	-43.829193
10.000000	2.000000	-43.829193
11.000000	2.000000	-43.829193
12.000000	2.000000	-43.829193
13.000000	2.000000	-43.829193
14.000000	2.000000	-43.829193
15.000000	2.000000	-43.829193
16.000000	2.000000	-43.829193
5.000000	3.000000	-60.598623
6.000000	3.000000	-68.514184
7.000000	3.000000	-67.900380
8.000000	3.000000	-71.745674
9.000000	3.000000	-43.829193
10.000000	3.000000	-43.829193
11.000000	3.000000	-43.829193
12.000000	3.000000	-43.829193
13.000000	3.000000	-43.829193
14.000000	3.000000	-43.829193
15.000000	3.000000	-43.829193
16.000000	3.000000	-43.829193
5.000000	4.000000	-64.150596
6.000000	4.000000	-68.285473
7.000000	4.000000	-71.824946
8.000000	4.000000	-74.325258
9.000000	4.000000	-99.248246
10.000000	4.000000	-43.829193
11.000000	4.000000	-43.829193
12.000000	4.000000	-43.829193
13.000000	4.000000	-43.829193
14.000000	4.000000	-43.829193
15.000000	4.000000	-43.829193
16.000000	4.000000	-43.829193
5.000000	5.000000	-58.466303
6.000000	5.000000	-67.720480
7.000000	5.000000	-70.479632
8.000000	5.000000	-76.856891
9.000000	5.000000	-97.278115
10.000000	5.000000	-43.829193
11.000000	5.000000	-43.829193
12.000000	5.000000	-43.829193
13.000000	5.000000	-43.829193
14.000000	5.000000	-43.829193
15.000000	5.000000	-43.829193
16.000000	5.000000	-43.829193
5.000000	6.000000	-55.413609
6.000000	6.000000	-61.157002
7.000000	6.000000	-66.420021
8.000000	6.000000	-71.500562
9.000000	6.000000	-79.996471
10.000000	6.000000	-43.829193
11.000000	6.000000	-43.829193
12.000000	6.000000	-43.829193
13.000000	6.000000	-43.829193
14.000000	6.000000	-43.829193
15.000000	6.000000	-43.829193
16.000000	6.000000	-43.829193
5.000000	7.000000	-59.089676
6.000000	7.000000	-57.327421
7.000000	7.000000	-64.134382
8.000000	7.000000	-68.724577
9.000000	7.000000	-75.724588
10.000000	7.000000	-43.829193
11.000000	7.000000	-43.829193
12.000000	7.000000	-43.829193
13.000000	7.000000	-43.829193
14.000000	7.000000	-43.829193
15.000000	7.000000	-43.829193
16.000000	7.000000	-43.829193
5.000000	8.000000	-62.868710
6.000000	8.000000	-61.725781
7.000000	8.000000	-62.959389
8.000000	8.000000	-66.997322
9.000000	8.000000	-71.459523
10.000000	8.000000	-80.737301
11.000000	8.000000	-43.829193
12.000000	8.000000	-43.829193
13.000000	8.000000	-43.829193
14.000000	8.000000	-43.829193
15.000000	8.000000	-43.829193
16.000000	8.000000	-43.829193
5.000000	9.000000	-69.908692
6.000000	9.000000	-69.130548
7.000000	9.000000	-67.308717
8.000000	9.000000	-67.310737
9.000000	9.000000	-69.336024
10.000000	9.000000	-74.839199
11.000000	9.000000	-43.829193
12.000000	9.000000	-43.829193
13.000000	9.000000	-43.829193
14.000000	9.000000	-43.829193
15.000000	9.000000	-43.829193
16.000000	9.000000	-43.829193
5.000000	10.000000	-70.240368
6.000000	10.000000	-75.359199
7.000000	10.000000	-72.203320
8.000000	10.000000	-72.868181
9.000000	10.000000	-75.340360
10.000000	10.000000	-74.512843
11.000000	10.000000	-43.829193
12.000000	10.000000	-43.829193
13.000000	10.000000	-43.829193
14.000000	10.000000	-43.829193
15.000000	10.000000	-43.829193
16.000000	10.000000	-43.829193
5.000000	11.000000	-78.561531
6.000000	11.000000	-79.353398
7.000000	11.000000	-78.352943
8.000000	11.000000	-80.756055
9.000000	11.000000	-77.815049
10.000000	11.000000	-81.227933
11.000000	11.000000	-82.630749
12.000000	11.000000	-43.829193
13.000000	11.000000	-43.829193
14.000000	11.000000	-43.829193
15.000000	11.000000	-43.829193
16.000000	11.000000	-43.829193
5.000000	11.500000	-88.475933
6.000000	11.500000	-83.646605
7.000000	11.500000	-80.762201
8.000000	11.500000	-80.761024
9.000000	11.500000	-82.092321
10.000000	11.500000	-81.216311
11.000000	11.500000	-83.091811
12.000000	11.500000	-43.829193
13.000000	11.500000	-43.829193
14.000000	11.500000	-43.829193
15.000000	11.500000	-43.829193
16.000000	11.500000	-43.829193

Height = 1.000000

X		Y		PL(dB)
5.000000	2.000000	-60.740299
6.000000	2.000000	-67.234184
7.000000	2.000000	-67.378139
8.000000	2.000000	-73.054140
9.000000	2.000000	-92.787211
10.000000	2.000000	-43.829193
11.000000	2.000000	-43.829193
12.000000	2.000000	-43.829193
13.000000	2.000000	-43.829193
14.000000	2.000000	-43.829193
15.000000	2.000000	-43.829193
16.000000	2.000000	-43.829193
5.000000	3.000000	-60.580632
6.000000	3.000000	-66.987894
7.000000	3.000000	-66.446788
8.000000	3.000000	-68.107319
9.000000	3.000000	-78.714337
10.000000	3.000000	-43.829193
11.000000	3.000000	-43.829193
12.000000	3.000000	-43.829193
13.000000	3.000000	-43.829193
14.000000	3.000000	-43.829193
15.000000	3.000000	-43.829193
16.000000	3.000000	-43.829193
5.000000	4.000000	-62.556891
6.000000	4.000000	-65.352378
7.000000	4.000000	-66.750883
8.000000	4.000000	-70.751128
9.000000	4.000000	-78.078440
10.000000	4.000000	-43.829193
11.000000	4.000000	-43.829193
12.000000	4.000000	-43.829193
13.000000	4.000000	-43.829193
14.000000	4.000000	-43.829193
15.000000	4.000000	-43.829193
16.000000	4.000000	-43.829193
5.000000	5.000000	-61.537499
6.000000	5.000000	-64.450193
7.000000	5.000000	-65.616991
8.000000	5.000000	-70.628989
9.000000	5.000000	-80.026086
10.000000	5.000000	-43.829193
11.000000	5.000000	-43.829193
12.000000	5.000000	-43.829193
13.000000	5.000000	-43.829193
14.000000	5.000000	-43.829193
15.000000	5.000000	-43.829193
16.000000	5.000000	-43.829193
5.000000	6.000000	-54.590349
6.000000	6.000000	-57.250025
7.000000	6.000000	-64.848916
8.000000	6.000000	-68.523435
9.000000	6.000000	-73.885361
10.000000	6.000000	-43.829193
11.000000	6.000000	-43.829193
12.000000	6.000000	-43.829193
13.000000	6.000000	-43.829193
14.000000	6.000000	-43.829193
15.000000	6.000000	-43.829193
16.000000	6.000000	-43.829193
5.000000	7.000000	-56.346487
6.000000	7.000000	-52.332458
7.000000	7.000000	-60.518843
8.000000	7.000000	-65.459072
9.000000	7.000000	-71.481821
10.000000	7.000000	-82.866352
11.000000	7.000000	-43.829193
12.000000	7.000000	-43.829193
13.000000	7.000000	-43.829193
14.000000	7.000000	-43.829193
15.000000	7.000000	-43.829193
16.000000	7.000000	-43.829193
5.000000	8.000000	-60.601382
6.000000	8.000000	-55.877339
7.000000	8.000000	-59.841587
8.000000	8.000000	-61.535539
9.000000	8.000000	-68.616642
10.000000	8.000000	-73.764516
11.000000	8.000000	-43.829193
12.000000	8.000000	-43.829193
13.000000	8.000000	-43.829193
14.000000	8.000000	-43.829193
15.000000	8.000000	-43.829193
16.000000	8.000000	-43.829193
5.000000	9.000000	-67.159874
6.000000	9.000000	-66.388791
7.000000	9.000000	-62.545368
8.000000	9.000000	-67.230275
9.000000	9.000000	-67.396497
10.000000	9.000000	-69.625986
11.000000	9.000000	-90.059090
12.000000	9.000000	-43.829193
13.000000	9.000000	-43.829193
14.000000	9.000000	-43.829193
15.000000	9.000000	-43.829193
16.000000	9.000000	-43.829193
5.000000	10.000000	-67.316799
6.000000	10.000000	-69.871812
7.000000	10.000000	-66.663271
8.000000	10.000000	-69.584929
9.000000	10.000000	-68.350410
10.000000	10.000000	-68.809170
11.000000	10.000000	-75.031645
12.000000	10.000000	-43.829193
13.000000	10.000000	-43.829193
14.000000	10.000000	-43.829193
15.000000	10.000000	-43.829193
16.000000	10.000000	-43.829193
5.000000	11.000000	-69.995742
6.000000	11.000000	-72.286119
7.000000	11.000000	-68.673210
8.000000	11.000000	-69.272613
9.000000	11.000000	-67.606634
10.000000	11.000000	-72.119841
11.000000	11.000000	-73.717141
12.000000	11.000000	-43.829193
13.000000	11.000000	-43.829193
14.000000	11.000000	-43.829193
15.000000	11.000000	-43.829193
16.000000	11.000000	-43.829193
5.000000	11.500000	-73.197279
6.000000	11.500000	-72.454929
7.000000	11.500000	-73.393137
8.000000	11.500000	-71.003934
9.000000	11.500000	-69.318106
10.000000	11.500000	-69.528370
11.000000	11.500000	-72.734275
12.000000	11.500000	-43.829193
13.000000	11.500000	-43.829193
14.000000	11.500000	-43.829193
15.000000	11.500000	-43.829193
16.000000	11.500000	-43.829193

Height = 1.500000

X		Y		PL(dB)
5.000000	2.000000	-53.446813
6.000000	2.000000	-66.029088
7.000000	2.000000	-69.192540
8.000000	2.000000	-69.809750
9.000000	2.000000	-81.077047
10.000000	2.000000	-43.829193
11.000000	2.000000	-43.829193
12.000000	2.000000	-43.829193
13.000000	2.000000	-43.829193
14.000000	2.000000	-43.829193
15.000000	2.000000	-43.829193
16.000000	2.000000	-43.829193
5.000000	3.000000	-58.350228
6.000000	3.000000	-64.623194
7.000000	3.000000	-65.010465
8.000000	3.000000	-68.382968
9.000000	3.000000	-73.644728
10.000000	3.000000	-97.464366
11.000000	3.000000	-43.829193
12.000000	3.000000	-43.829193
13.000000	3.000000	-43.829193
14.000000	3.000000	-43.829193
15.000000	3.000000	-43.829193
16.000000	3.000000	-43.829193
5.000000	4.000000	-56.630059
6.000000	4.000000	-63.687166
7.000000	4.000000	-67.221806
8.000000	4.000000	-66.551493
9.000000	4.000000	-71.739444
10.000000	4.000000	-91.394775
11.000000	4.000000	-43.829193
12.000000	4.000000	-43.829193
13.000000	4.000000	-43.829193
14.000000	4.000000	-43.829193
15.000000	4.000000	-43.829193
16.000000	4.000000	-43.829193
5.000000	5.000000	-57.294485
6.000000	5.000000	-63.269503
7.000000	5.000000	-65.787887
8.000000	5.000000	-67.913193
9.000000	5.000000	-73.711169
10.000000	5.000000	-43.829193
11.000000	5.000000	-43.829193
12.000000	5.000000	-43.829193
13.000000	5.000000	-43.829193
14.000000	5.000000	-43.829193
15.000000	5.000000	-43.829193
16.000000	5.000000	-43.829193
5.000000	6.000000	-53.700536
6.000000	6.000000	-59.840983
7.000000	6.000000	-63.459564
8.000000	6.000000	-64.895045
9.000000	6.000000	-69.324808
10.000000	6.000000	-86.508295
11.000000	6.000000	-43.829193
12.000000	6.000000	-43.829193
13.000000	6.000000	-43.829193
14.000000	6.000000	-43.829193
15.000000	6.000000	-43.829193
16.000000	6.000000	-43.829193
5.000000	7.000000	-52.697189
6.000000	7.000000	-54.128745
7.000000	7.000000	-62.107232
8.000000	7.000000	-63.826695
9.000000	7.000000	-66.552955
10.000000	7.000000	-73.886920
11.000000	7.000000	-43.829193
12.000000	7.000000	-43.829193
13.000000	7.000000	-43.829193
14.000000	7.000000	-43.829193
15.000000	7.000000	-43.829193
16.000000	7.000000	-43.829193
5.000000	8.000000	-61.229059
6.000000	8.000000	-57.513260
7.000000	8.000000	-60.000415
8.000000	8.000000	-62.654028
9.000000	8.000000	-64.106481
10.000000	8.000000	-68.538598
11.000000	8.000000	-85.920986
12.000000	8.000000	-43.829193
13.000000	8.000000	-43.829193
14.000000	8.000000	-43.829193
15.000000	8.000000	-43.829193
16.000000	8.000000	-43.829193
5.000000	9.000000	-63.158788
6.000000	9.000000	-63.781485
7.000000	9.000000	-61.944414
8.000000	9.000000	-63.444713
9.000000	9.000000	-63.353728
10.000000	9.000000	-67.808372
11.000000	9.000000	-70.790229
12.000000	9.000000	-43.829193
13.000000	9.000000	-43.829193
14.000000	9.000000	-43.829193
15.000000	9.000000	-43.829193
16.000000	9.000000	-43.829193
5.000000	10.000000	-65.061975
6.000000	10.000000	-65.993961
7.000000	10.000000	-64.412058
8.000000	10.000000	-66.212952
9.000000	10.000000	-66.270559
10.000000	10.000000	-69.214571
11.000000	10.000000	-68.892371
12.000000	10.000000	-85.047636
13.000000	10.000000	-43.829193
14.000000	10.000000	-43.829193
15.000000	10.000000	-43.829193
16.000000	10.000000	-43.829193
5.000000	11.000000	-69.919427
6.000000	11.000000	-66.871765
7.000000	11.000000	-67.559997
8.000000	11.000000	-64.997864
9.000000	11.000000	-66.392581
10.000000	11.000000	-66.205644
11.000000	11.000000	-68.923224
12.000000	11.000000	-81.825740
13.000000	11.000000	-43.829193
14.000000	11.000000	-43.829193
15.000000	11.000000	-43.829193
16.000000	11.000000	-43.829193
5.000000	11.500000	-71.039314
6.000000	11.500000	-70.939771
7.000000	11.500000	-68.875253
8.000000	11.500000	-69.053871
9.000000	11.500000	-67.854814
10.000000	11.500000	-69.251027
11.000000	11.500000	-69.549237
12.000000	11.500000	-74.944806
13.000000	11.500000	-43.829193
14.000000	11.500000	-43.829193
15.000000	11.500000	-43.829193
16.000000	11.500000	-43.829193
