// Please do not allow negative values in this document

//
// Walls
p	0.2		5.00		0.1		1;	// conductivity, permittivity, loss/cm, calculate loss
t	0.25;							// thickness
z	0;							// priority
o	0 0 0;						// offset

v1	 3.05		 0.91		0.00			 7.32		 0.91		4.80;
v2	 7.32		 0.91		0.00			 7.32		 0.00		4.80;
v3	 7.32		 0.00		0.00			11.43		 0.00		4.80;
v4	11.43		 0.00		0.00			11.43		 0.91		4.80;
v5	11.43		 0.91		0.00			11.63		 0.91		4.80;
v6	11.63		 0.91		0.00			11.63		 6.81		4.80;
v7	11.63		 6.81		0.00			 7.32		 6.81		4.80;
v8	 7.32		 6.81		0.00			 7.32		13.72		4.80;
v9	 7.32		13.72		0.00			 3.25		13.72		4.80;
v10	 3.25		13.72		0.00			 3.25		 6.81		4.80;
v11	 3.25		 6.81		0.00			 3.05		 6.81		4.80;
v12	 3.05		 6.81		0.00			 3.05		 0.91		4.80;

//
// Walls Ground Floor
p	0.2		5.00		0.1		1;	// conductivity, permittivity, loss/cm, calculate loss
t	0.25;							// thickness
z	0;							// priority
o	0 0 0;						// offset

v1	 3.05		 1.82		0.00			 4.88		 1.82		2.44;
v2	 3.05		 3.81		0.00			 7.32		 3.81		2.44;
v3	 7.32		 0.91		0.00			 7.32		 6.81		2.44;

v4	 3.05		 3.81		2.44			 6.45		 3.81		4.80;
v5	 3.05		 5.64		2.44			 6.45		 5.64		4.80;
v6	 3.25		 6.81		2.44			 7.32		 6.81		4.80;
v7	 6.45		 3.81		2.44			 6.45		 6.81		4.80;
v8	 7.32		 0.91		2.44			 7.32		 6.81		4.80;
v9	 7.32		 3.25		2.44			11.63		 3.25		4.80;

//
// Floors and Ceiling
p	0.2		5.00		0.1		1;	// conductivity, permittivity, loss/cm, calculate loss
t	0.25;							// thickness
z	0;							// priority
o	0 0 0;						// offset

h1	 3.05 0.91 0.00  7.32 0.91 0.00  7.32 0.00 0.00  11.43 0.00 0.00  11.43 0.91 0.00  11.63 0.91 0.00  11.63 6.81 0.00  7.32 6.81 0.00  7.32 13.72 0.00  3.25 13.72 0.00  3.25 6.81 0.00  3.05 6.81 0.00;
h2	 3.05 0.91 4.80  7.32 0.91 4.80  7.32 0.00 4.80  11.43 0.00 4.80  11.43 0.91 4.80  11.63 0.91 4.80  11.63 6.81 4.80  7.32 6.81 4.80  7.32 13.72 4.80  3.25 13.72 4.80  3.25 6.81 4.80  3.05 6.81 4.80;
h3	 3.05 0.91 2.44  7.32 0.91 2.44  7.32 0.00 2.44  11.43 0.00 2.44  11.43 0.91 2.44  11.63 0.91 2.44  11.63 6.81 2.44  7.32 6.81 2.44  7.32 13.72 2.44  3.25 13.72 2.44  3.25 6.81 2.44  3.05 6.81 2.44;

//
// Garage
p	0.2		5.00		0.1		1;	// conductivity, permittivity, loss/cm, calculate loss
t	0.25;							// thickness
z	0;							// priority
o	0 0 0;						// offset

v1	 0.00		 0.00		0.00			 3.05		 0.00		2.44;
v2	 3.05		 0.00		0.00			 3.05		 0.91		2.44;
v3	 3.05		 6.10		0.00			 0.00		 6.10		2.44;
v4	 0.00		 6.10		0.00			 0.00		 0.00		2.44;

h1	 0.00 0.00 0.00  3.05 0.00 0.00  3.05 6.10 0.00  0.00 6.10 0.00;
h2	 0.00 0.00 2.44  3.05 0.00 2.44  3.05 6.10 2.44  0.00 6.10 2.44;


//
// Conservatory
p	0.2		5.00		0.1		1;	// conductivity, permittivity, loss/cm, calculate loss
t	0.25;							// thickness
z	0;							// priority
o	0 0 0;						// offset

v1	11.63		 0.91		0.00			13.00		 0.91		2.44;
v2	13.00		 0.91		0.00			13.00		 4.26		2.44;
v3	13.00		 4.26		0.00			11.63		 4.26		2.44;

h1	11.63 0.91 0.00  13.00 0.91 0.00  13.00 4.26 0.00  11.63 4.26 0.00;
h2	11.63 0.91 2.44  13.00 0.91 2.44  13.00 4.26 2.44  11.63 4.26 2.44;


