Event based TLM
Project: RM219_verification
Tue Feb 03 21:34:42 2009


Grid Analysis - 12 x 11 x 3 samples

Height = 0.490000

X		Y		PL(dB)
4.970000	2.030000	-49.062653
6.020000	2.030000	-50.000839
7.000000	2.030000	-49.522860
7.980000	2.030000	-50.388205
9.030000	2.030000	-54.942499
10.010000	2.030000	-59.004093
10.990000	2.030000	-63.970613
11.970000	2.030000	-61.723358
13.020000	2.030000	-67.384046
14.000000	2.030000	-69.276715
14.980000	2.030000	-68.152718
16.030000	2.030000	-68.206325
4.970000	3.010000	-47.663573
6.020000	3.010000	-55.113456
7.000000	3.010000	-56.178194
7.980000	3.010000	-53.657307
9.030000	3.010000	-58.371049
10.010000	3.010000	-63.453809
10.990000	3.010000	-63.626005
11.970000	3.010000	-61.038601
13.020000	3.010000	-66.786613
14.000000	3.010000	-69.462163
14.980000	3.010000	-67.620735
16.030000	3.010000	-67.226434
4.970000	3.990000	-49.728215
6.020000	3.990000	-51.306175
7.000000	3.990000	-52.565243
7.980000	3.990000	-52.031882
9.030000	3.990000	-56.946665
10.010000	3.990000	-58.410177
10.990000	3.990000	-60.453724
11.970000	3.990000	-61.182963
13.020000	3.990000	-66.723644
14.000000	3.990000	-65.459797
14.980000	3.990000	-64.789304
16.030000	3.990000	-70.096996
4.970000	4.970000	-50.442324
6.020000	4.970000	-50.935080
7.000000	4.970000	-51.839836
7.980000	4.970000	-54.035289
9.030000	4.970000	-60.725415
10.010000	4.970000	-58.318489
10.990000	4.970000	-58.303367
11.970000	4.970000	-62.606914
13.020000	4.970000	-66.804149
14.000000	4.970000	-66.998355
14.980000	4.970000	-65.262215
16.030000	4.970000	-66.700304
4.970000	6.020000	-46.869352
6.020000	6.020000	-52.728632
7.000000	6.020000	-53.032888
7.980000	6.020000	-55.041352
9.030000	6.020000	-59.913869
10.010000	6.020000	-59.929773
10.990000	6.020000	-57.845499
11.970000	6.020000	-59.737616
13.020000	6.020000	-62.342942
14.000000	6.020000	-64.598546
14.980000	6.020000	-62.472124
16.030000	6.020000	-68.553320
4.970000	7.000000	-47.662585
6.020000	7.000000	-49.802879
7.000000	7.000000	-55.692109
7.980000	7.000000	-55.908837
9.030000	7.000000	-57.522049
10.010000	7.000000	-60.508524
10.990000	7.000000	-60.350519
11.970000	7.000000	-64.140065
13.020000	7.000000	-65.760506
14.000000	7.000000	-65.495956
14.980000	7.000000	-60.877475
16.030000	7.000000	-69.632084
4.970000	7.980000	-49.863095
6.020000	7.980000	-50.733520
7.000000	7.980000	-52.386845
7.980000	7.980000	-51.389098
9.030000	7.980000	-57.034574
10.010000	7.980000	-59.891356
10.990000	7.980000	-56.549034
11.970000	7.980000	-65.938808
13.020000	7.980000	-65.839187
14.000000	7.980000	-65.595292
14.980000	7.980000	-66.228224
16.030000	7.980000	-67.870118
4.970000	9.030000	-54.083083
6.020000	9.030000	-52.807924
7.000000	9.030000	-51.531968
7.980000	9.030000	-51.481867
9.030000	9.030000	-54.209102
10.010000	9.030000	-59.918679
10.990000	9.030000	-60.240221
11.970000	9.030000	-63.660294
13.020000	9.030000	-64.852865
14.000000	9.030000	-62.124246
14.980000	9.030000	-65.128057
16.030000	9.030000	-64.764270
4.970000	10.010000	-56.152722
6.020000	10.010000	-56.493018
7.000000	10.010000	-57.340272
7.980000	10.010000	-54.815219
9.030000	10.010000	-55.512435
10.010000	10.010000	-61.761590
10.990000	10.010000	-61.846971
11.970000	10.010000	-61.876684
13.020000	10.010000	-63.870709
14.000000	10.010000	-64.454242
14.980000	10.010000	-66.523016
16.030000	10.010000	-67.482808
4.970000	10.990000	-55.444726
6.020000	10.990000	-57.135622
7.000000	10.990000	-58.450655
7.980000	10.990000	-58.491859
9.030000	10.990000	-56.564186
10.010000	10.990000	-58.881740
10.990000	10.990000	-58.580160
11.970000	10.990000	-62.386401
13.020000	10.990000	-66.034652
14.000000	10.990000	-64.601215
14.980000	10.990000	-65.063022
16.030000	10.990000	-67.950848
4.970000	11.480000	-57.970037
6.020000	11.480000	-58.988797
7.000000	11.480000	-58.360804
7.980000	11.480000	-58.832187
9.030000	11.480000	-54.147715
10.010000	11.480000	-56.459693
10.990000	11.480000	-58.060167
11.970000	11.480000	-61.474820
13.020000	11.480000	-64.499337
14.000000	11.480000	-62.387634
14.980000	11.480000	-68.099779
16.030000	11.480000	-66.701830

Height = 0.980000

X		Y		PL(dB)
4.970000	2.030000	-52.087388
6.020000	2.030000	-55.182384
7.000000	2.030000	-56.200526
7.980000	2.030000	-54.173508
9.030000	2.030000	-55.637472
10.010000	2.030000	-55.991236
10.990000	2.030000	-59.427275
11.970000	2.030000	-57.942987
13.020000	2.030000	-59.919997
14.000000	2.030000	-66.115176
14.980000	2.030000	-65.138027
16.030000	2.030000	-66.375886
4.970000	3.010000	-50.546203
6.020000	3.010000	-55.677031
7.000000	3.010000	-54.809997
7.980000	3.010000	-53.693012
9.030000	3.010000	-54.654663
10.010000	3.010000	-58.339667
10.990000	3.010000	-54.410884
11.970000	3.010000	-60.589158
13.020000	3.010000	-62.085096
14.000000	3.010000	-65.532305
14.980000	3.010000	-64.077947
16.030000	3.010000	-65.016921
4.970000	3.990000	-54.234818
6.020000	3.990000	-54.195148
7.000000	3.990000	-56.385239
7.980000	3.990000	-55.229138
9.030000	3.990000	-56.116123
10.010000	3.990000	-57.129289
10.990000	3.990000	-58.853694
11.970000	3.990000	-55.533442
13.020000	3.990000	-63.049463
14.000000	3.990000	-66.190030
14.980000	3.990000	-64.479668
16.030000	3.990000	-67.359539
4.970000	4.970000	-55.921189
6.020000	4.970000	-54.720512
7.000000	4.970000	-58.090539
7.980000	4.970000	-56.929014
9.030000	4.970000	-55.716044
10.010000	4.970000	-57.335517
10.990000	4.970000	-56.753610
11.970000	4.970000	-60.129526
13.020000	4.970000	-65.512168
14.000000	4.970000	-63.409318
14.980000	4.970000	-65.843725
16.030000	4.970000	-66.024518
4.970000	6.020000	-46.068184
6.020000	6.020000	-54.604191
7.000000	6.020000	-53.545287
7.980000	6.020000	-56.666211
9.030000	6.020000	-54.702157
10.010000	6.020000	-57.731217
10.990000	6.020000	-61.089323
11.970000	6.020000	-63.474464
13.020000	6.020000	-66.370510
14.000000	6.020000	-65.411238
14.980000	6.020000	-64.318209
16.030000	6.020000	-63.222864
4.970000	7.000000	-53.719736
6.020000	7.000000	-53.693361
7.000000	7.000000	-57.212967
7.980000	7.000000	-53.740423
9.030000	7.000000	-53.566557
10.010000	7.000000	-58.350316
10.990000	7.000000	-60.358597
11.970000	7.000000	-59.209073
13.020000	7.000000	-60.035391
14.000000	7.000000	-64.989108
14.980000	7.000000	-63.562428
16.030000	7.000000	-64.542533
4.970000	7.980000	-55.220777
6.020000	7.980000	-54.820873
7.000000	7.980000	-55.390456
7.980000	7.980000	-54.570320
9.030000	7.980000	-55.550997
10.010000	7.980000	-56.248367
10.990000	7.980000	-61.981879
11.970000	7.980000	-59.791200
13.020000	7.980000	-61.480282
14.000000	7.980000	-62.299002
14.980000	7.980000	-63.625878
16.030000	7.980000	-66.322760
4.970000	9.030000	-56.880794
6.020000	9.030000	-52.514305
7.000000	9.030000	-52.400670
7.980000	9.030000	-54.727239
9.030000	9.030000	-51.711413
10.010000	9.030000	-55.284094
10.990000	9.030000	-58.899091
11.970000	9.030000	-57.847098
13.020000	9.030000	-58.287768
14.000000	9.030000	-63.501065
14.980000	9.030000	-63.837930
16.030000	9.030000	-63.777401
4.970000	10.010000	-55.119151
6.020000	10.010000	-57.159170
7.000000	10.010000	-56.922993
7.980000	10.010000	-56.147888
9.030000	10.010000	-54.340761
10.010000	10.010000	-55.469663
10.990000	10.010000	-57.052656
11.970000	10.010000	-59.465906
13.020000	10.010000	-56.249563
14.000000	10.010000	-62.378521
14.980000	10.010000	-63.998643
16.030000	10.010000	-62.211797
4.970000	10.990000	-55.298469
6.020000	10.990000	-55.927101
7.000000	10.990000	-56.024610
7.980000	10.990000	-55.493627
9.030000	10.990000	-52.855432
10.010000	10.990000	-55.366897
10.990000	10.990000	-56.726912
11.970000	10.990000	-56.474159
13.020000	10.990000	-55.520451
14.000000	10.990000	-63.452813
14.980000	10.990000	-62.353957
16.030000	10.990000	-62.823246
4.970000	11.480000	-57.172128
6.020000	11.480000	-54.318739
7.000000	11.480000	-53.362006
7.980000	11.480000	-58.642149
9.030000	11.480000	-55.395329
10.010000	11.480000	-52.756993
10.990000	11.480000	-58.806801
11.970000	11.480000	-57.613276
13.020000	11.480000	-56.629562
14.000000	11.480000	-61.703664
14.980000	11.480000	-63.609687
16.030000	11.480000	-61.978230

Height = 1.470000

X		Y		PL(dB)
4.970000	2.030000	-50.419898
6.020000	2.030000	-52.965635
7.000000	2.030000	-52.186159
7.980000	2.030000	-56.611461
9.030000	2.030000	-63.427123
10.010000	2.030000	-64.550998
10.990000	2.030000	-66.341511
11.970000	2.030000	-66.853597
13.020000	2.030000	-65.606441
14.000000	2.030000	-62.578037
14.980000	2.030000	-62.267897
16.030000	2.030000	-62.687896
4.970000	3.010000	-52.231681
6.020000	3.010000	-51.377959
7.000000	3.010000	-56.180462
7.980000	3.010000	-59.839232
9.030000	3.010000	-61.456505
10.010000	3.010000	-60.721247
10.990000	3.010000	-60.294478
11.970000	3.010000	-64.691362
13.020000	3.010000	-63.487403
14.000000	3.010000	-63.703738
14.980000	3.010000	-63.723612
16.030000	3.010000	-64.660670
4.970000	3.990000	-52.431020
6.020000	3.990000	-52.089172
7.000000	3.990000	-54.046046
7.980000	3.990000	-59.473963
9.030000	3.990000	-62.551560
10.010000	3.990000	-63.565462
10.990000	3.990000	-65.082321
11.970000	3.990000	-64.297921
13.020000	3.990000	-65.831268
14.000000	3.990000	-64.786351
14.980000	3.990000	-62.655308
16.030000	3.990000	-63.702485
4.970000	4.970000	-54.379864
6.020000	4.970000	-51.329230
7.000000	4.970000	-57.744466
7.980000	4.970000	-61.122929
9.030000	4.970000	-61.558644
10.010000	4.970000	-62.487024
10.990000	4.970000	-60.782415
11.970000	4.970000	-62.459420
13.020000	4.970000	-62.531633
14.000000	4.970000	-59.425689
14.980000	4.970000	-61.373732
16.030000	4.970000	-58.675916
4.970000	6.020000	-54.008601
6.020000	6.020000	-53.982468
7.000000	6.020000	-54.798383
7.980000	6.020000	-58.781578
9.030000	6.020000	-60.762762
10.010000	6.020000	-61.100078
10.990000	6.020000	-58.242011
11.970000	6.020000	-63.511259
13.020000	6.020000	-63.511804
14.000000	6.020000	-62.667827
14.980000	6.020000	-61.725510
16.030000	6.020000	-63.299500
4.970000	7.000000	-51.951713
6.020000	7.000000	-51.040709
7.000000	7.000000	-53.867166
7.980000	7.000000	-61.487602
9.030000	7.000000	-59.214090
10.010000	7.000000	-58.067115
10.990000	7.000000	-62.805797
11.970000	7.000000	-64.082198
13.020000	7.000000	-63.461550
14.000000	7.000000	-61.059452
14.980000	7.000000	-61.975802
16.030000	7.000000	-62.744989
4.970000	7.980000	-52.521760
6.020000	7.980000	-50.504727
7.000000	7.980000	-53.984717
7.980000	7.980000	-56.529474
9.030000	7.980000	-61.877600
10.010000	7.980000	-61.137829
10.990000	7.980000	-60.096168
11.970000	7.980000	-64.441731
13.020000	7.980000	-63.777032
14.000000	7.980000	-59.664482
14.980000	7.980000	-59.759212
16.030000	7.980000	-62.125405
4.970000	9.030000	-58.607026
6.020000	9.030000	-61.632644
7.000000	9.030000	-59.282481
7.980000	9.030000	-58.855089
9.030000	9.030000	-59.894644
10.010000	9.030000	-59.138432
10.990000	9.030000	-59.228948
11.970000	9.030000	-62.861208
13.020000	9.030000	-60.929787
14.000000	9.030000	-58.839835
14.980000	9.030000	-58.932652
16.030000	9.030000	-58.710060
4.970000	10.010000	-60.665468
6.020000	10.010000	-60.629551
7.000000	10.010000	-58.763937
7.980000	10.010000	-59.422617
9.030000	10.010000	-59.746611
10.010000	10.010000	-55.834339
10.990000	10.010000	-61.363084
11.970000	10.010000	-63.268723
13.020000	10.010000	-61.337078
14.000000	10.010000	-59.382305
14.980000	10.010000	-61.837739
16.030000	10.010000	-58.674292
4.970000	10.990000	-63.323231
6.020000	10.990000	-60.716502
7.000000	10.990000	-59.054439
7.980000	10.990000	-57.680323
9.030000	10.990000	-57.322204
10.010000	10.990000	-56.871746
10.990000	10.990000	-57.471784
11.970000	10.990000	-63.266247
13.020000	10.990000	-61.763006
14.000000	10.990000	-60.506008
14.980000	10.990000	-59.802927
16.030000	10.990000	-61.268145
4.970000	11.480000	-60.007724
6.020000	11.480000	-60.448789
7.000000	11.480000	-55.808476
7.980000	11.480000	-60.044171
9.030000	11.480000	-56.082952
10.010000	11.480000	-56.691253
10.990000	11.480000	-57.855846
11.970000	11.480000	-60.719810
13.020000	11.480000	-60.588618
14.000000	11.480000	-61.403882
14.980000	11.480000	-61.244660
16.030000	11.480000	-60.807362
