//
// Exterior Boundaries ////////////////////////////////////

p	0.2		5.00		0.1		1; 	// Enclosing Walls
t	0.25;
z	0;
o	0 0.05 0;
v1	  0.0   1.4  0		 0.0  12.0  3.4;
v2	  0.0  12.0  0		18.0  12.0  3.4;
v3	 18.0  12.0  0		18.0   5.5  3.4;
v4	 18.0   5.5  0		16.5   5.5  3.4;
v5	 16.5   5.5  0		16.5   1.4  3.4;
v6	 16.5   1.4  0		14.5   1.4  3.4;
v7	 14.5   1.4  0		14.5   0.0  3.4;
v8	 14.5   0.0  0		 8.0   0.0  3.4;
v9	  8.0   0.0  0		 8.0   1.4  3.4;
v10	  8.0   1.4  0		 0.0   1.4  3.4;

p	0.2		5.00		0.1		1;	// Ceiling
t	0.25;
z	0;
o	0 0.05 3.4;
h1	  0.0   1.4  0	  0.0  12.0  0	 18.0  12.0  0 	 18.0   5.5  0	 16.5   5.5  0	 16.5   1.4  0	 14.5   1.4  0	 14.5   0.0  0	  8.0   0.0  0	  8.0   1.4  0;

p	10e9		1.00		1.0		1;	// Suspended Floor
t	0.003;
z	0;
o	0 0.05 0;
h1	  0.0   1.4  0	  0.0  12.0  0	 18.0  12.0  0 	 18.0   5.5  0	 16.5   5.5  0	 16.5   1.4  0	 14.5   1.4  0	 14.5   0.0  0	  8.0   0.0  0	  8.0   1.4  0;

//
// Doors and Windows //////////////////////////////////////

p	0.2		2.00		1.0		1;
t	0.015;
z	1;
o	 0.0  6.55  0;
v1	 0.0  0.0  0	 0.0  2.0  2;
o	 9.5 12.05  0;
v1	 0.0  0.0  0	 1.2  0.0  2;

p	0.0005	6.00		0.1		1;
t	0.005;
o	 0.8  1.45  1.0;
v1	 0.0  0.0  0	 1.5  0.0  1.5;
o	 3.5  1.45  1.0;
v1	 0.0  0.0  0	 1.5  0.0  1.5;
o	 6.0  1.45  1.0;
v1	 0.0  0.0  0	 1.5  0.0  1.5;
o	10.0  0.05  1.0;
v1	 0.0  0.0  0	 1.5  0.0  1.5;
o	12.5  0.05  1.0;
v1	 0.0  0.0  0	 1.5  0.0  1.5;

o	 18.0  6.05  1.0;
v1	 0.0  0.0  0	 0.0  1.5  1.5;
o	 18.0  8.05  1.0;
v1	 0.0  0.0  0	 0.0  1.5  1.5;
o	 18.0  10.05  1.0;
v1	 0.0  0.0  0	 0.0  1.5  1.5;

//
// Electrical Controls ////////////////////////////////////

p	10e9		1.00		1.0		1;
t	0.001;
z	0;
o	0 5.25 0;
v1	 0.0  0.0  0	 0.6  0.0  3;
v2	 0.6  0.0  0	 0.6  0.8  3;
v3	 0.6  0.8  0	 0.0  0.8  3;
v4	 0.0  0.8  0	 0.0  0.0  3;
h1 	 0.0  0.0  3	 0.6  0.0  3	 0.6  0.8  3	 0.0  0.8  3;

o	8.5 0.05 0;
v1	 0.0  0.0  0	 0.8  0.0  3;
v2	 0.8  0.0  0	 0.8  0.6  3;
v3	 0.8  0.6  0	 0.0  0.6  3;
v4	 0.0  0.6  0	 0.0  0.0  3;
h1	 0.0  0.0  3	 0.8  0.0  3	 0.8  0.6  3	 0.0  0.6  3;

//
// Concrete Columns ///////////////////////////////////////

p	0.2		5.00	0.1		1; 
t	0.15;
z	0;

o	10 1.45 0;
v1	 0.0  0.0  0	 0.3  0.0  3.4;
v2	 0.3  0.0  0	 0.3  0.3  3.4;
v3	 0.3  0.3  0	 0.0  0.3  3.4;
v4	 0.0  0.3  0	 0.0  0.0  3.4;

o	15.5 7.05 0;
v1	 0.0  0.0  0	 0.3  0.0  3.4;
v2	 0.3  0.0  0	 0.3  0.3  3.4;
v3	 0.3  0.3  0	 0.0  0.3  3.4;
v4	 0.0  0.3  0	 0.0  0.0  3.4;

//
// Soft Partitions ////////////////////////////////////////

p	0.2		2.00	0.1		1;
t	0.025;
z	0;

o	 0.0  5.25  0.0;
v1	 0.0  0.0  0.0	 1.0  0.0  1.2;
o	 0.0  3.25  0.0;
v1	 0.0  0.0  0.0	 1.0  0.0  1.2;

o	 3.0  6.05  0.0;
v1	 0.0  0.0  0.0	 2.0  0.0  1.2;
o	 4.0  1.45  0.0;
v1	 0.0  0.0  0.0	 0.0  4.6  1.2;
o	 3.0  3.05  0.0;
v1	 0.0  0.0  0.0	 1.0  0.0  1.2;
o	 4.0  3.05  0.0;
v1	 0.0  0.0  0.0	 1.0  0.0  1.2;
o	 3.0  4.55  0.0;
v1	 0.0  0.0  0.0	 1.0  0.0  1.2;
o	 4.0  4.55  0.0;
v1	 0.0  0.0  0.0	 1.0  0.0  1.2;

o	 7.8  1.45  0.0;
v1	 0.0  0.0  0.0	 0.0  4.6  1.2;
o	 6.8  3.05  0.0;
v1	 0.0  0.0  0.0	 1.0  0.0  1.2;
o	 7.8  3.05  0.0;
v1	 0.0  0.0  0.0	 1.0  0.0  1.2;
o	 6.8  4.55  0.0;
v1	 0.0  0.0  0.0	 1.0  0.0  1.2;
o	 7.8  4.55  0.0;
v1	 0.0  0.0  0.0	 1.0  0.0  1.2;

o	 12.0  0.05  0.0;
v1	  0.0  0.0  0.0	 0.0  6.0  1.2;
o	 11.0  4.55  0.0;
v1	  0.0  0.0  0.0	 1.0  0.0  1.2;
o	 12.0  4.55  0.0;
v1	  0.0  0.0  0.0	 1.0  0.0  1.2;
o	 11.0  3.05  0.0;
v1	  0.0  0.0  0.0	 1.0  0.0  1.2;
o	 12.0  3.05  0.0;
v1	  0.0  0.0  0.0	 1.0  0.0  1.2;
o	 11.0  1.55  0.0;
v1	  0.0  0.0  0.0	 1.0  0.0  1.2;
o	 12.0  1.55  0.0;
v1	  0.0  0.0  0.0	 1.0  0.0  1.2;

o	 15.5  5.55  0.0;
v1	  0.0  0.0  0.0	 1.0  0.0  1.2;
o	 15.5  3.55  0.0;
v1	  0.0  0.0  0.0	 1.0  0.0  1.2;

o	 17.0  9.55  0.0;
v1	  0.0  0.0  0.0	 1.0  0.0  1.2;
o	 17.0  7.55  0.0;
v1	  0.0  0.0  0.0	 1.0  0.0  1.2;

o	 2.0  8.55  0.0;
v1	 0.0  0.0  0.0	 7.0  0.0  1.2;
o	 2.0  8.55  0.0;
v1	 0.0  0.0  0.0	 0.0  1.0  1.2;
o	 3.7  8.55  0.0;
v1	 0.0  0.0  0.0	 0.0  1.0  1.2;
o	 5.5  8.55  0.0;
v1	 0.0  0.0  0.0	 0.0  1.0  1.2;
o	 7.2  8.55  0.0;
v1	 0.0  0.0  0.0	 0.0  1.0  1.2;
o	 9.0  8.55  0.0;
v1	 0.0  0.0  0.0	 0.0  1.0  1.2;

o	 2.0 11.05  0.0;
v1	 0.0  0.0  0.0	 0.0  1.0  1.2;
o	 3.7 11.05  0.0;
v1	 0.0  0.0  0.0	 0.0  1.0  1.2;
o	 5.5 11.05  0.0;
v1	 0.0  0.0  0.0	 0.0  1.0  1.2;
o	 7.2 11.05  0.0;
v1	 0.0  0.0  0.0	 0.0  1.0  1.2;
o	 9.0 11.05  0.0;
v1	 0.0  0.0  0.0	 0.0  1.0  1.2;

o	14.0  8.55  0.0;
v1	 0.0  0.0  0.0	 0.0  3.5  1.2;
o	10.5  8.55  0.0;
v1	 0.0  0.0  0.0	 0.0  2.0  1.2;
o	10.5  8.55  0.0;
v1	 0.0  0.0  0.0	 3.5  0.0  1.2;

//
// Tall Cabinets //////////////////////////////////////////

p	10e9	1.00	1.0		1;
t	0.001;
z	0;

o	 6.8  6.05  0;
v1	 0.0  0.0  0.0	 2.0  0.0  1.8;
v2	 2.0  0.0  0.0	 2.0  0.4  1.8;
v3	 2.0  0.4  0.0	 0.0  0.4  1.8;
v4	 0.0  0.4  0.0	 0.0  0.0  1.8;
h1	 0.0  0.0  1.8	 2.0  0.0  1.8	 2.0  0.4  1.8	 0.0  0.4  1.8;

o	11.0  6.05  0;
v1	 0.0  0.0  0.0	 2.0  0.0  1.8;
v2	 2.0  0.0  0.0	 2.0  0.4  1.8;
v3	 2.0  0.4  0.0	 0.0  0.4  1.8;
v4	 0.0  0.4  0.0	 0.0  0.0  1.8;
h1	 0.0  0.0  1.8	 2.0  0.0  1.8	 2.0  0.4  1.8	 0.0  0.4  1.8;
