Event based TLM
Project: 1e-3
Thu Feb 05 20:31:57 2009


Grid Analysis - 12 x 11 x 3 samples

Height = 0.500000

X		Y		PL(dB)
5.000000	2.000000	-30.000000
6.000000	2.000000	-30.000000
7.000000	2.000000	-30.000000
8.000000	2.000000	-30.000000
9.000000	2.000000	-30.000000
10.000000	2.000000	-30.000000
11.000000	2.000000	-30.000000
12.000000	2.000000	-30.000000
13.000000	2.000000	-30.000000
14.000000	2.000000	-30.000000
15.000000	2.000000	-30.000000
16.000000	2.000000	-30.000000
5.000000	3.000000	-30.000000
6.000000	3.000000	-30.000000
7.000000	3.000000	-30.000000
8.000000	3.000000	-30.000000
9.000000	3.000000	-30.000000
10.000000	3.000000	-30.000000
11.000000	3.000000	-30.000000
12.000000	3.000000	-30.000000
13.000000	3.000000	-30.000000
14.000000	3.000000	-30.000000
15.000000	3.000000	-30.000000
16.000000	3.000000	-30.000000
5.000000	4.000000	-30.000000
6.000000	4.000000	-30.000000
7.000000	4.000000	-30.000000
8.000000	4.000000	-30.000000
9.000000	4.000000	-30.000000
10.000000	4.000000	-30.000000
11.000000	4.000000	-30.000000
12.000000	4.000000	-30.000000
13.000000	4.000000	-30.000000
14.000000	4.000000	-30.000000
15.000000	4.000000	-30.000000
16.000000	4.000000	-30.000000
5.000000	5.000000	-30.000000
6.000000	5.000000	-30.000000
7.000000	5.000000	-30.000000
8.000000	5.000000	-30.000000
9.000000	5.000000	-30.000000
10.000000	5.000000	-30.000000
11.000000	5.000000	-30.000000
12.000000	5.000000	-30.000000
13.000000	5.000000	-30.000000
14.000000	5.000000	-30.000000
15.000000	5.000000	-30.000000
16.000000	5.000000	-30.000000
5.000000	6.000000	-30.000000
6.000000	6.000000	-30.000000
7.000000	6.000000	-30.000000
8.000000	6.000000	-30.000000
9.000000	6.000000	-30.000000
10.000000	6.000000	-30.000000
11.000000	6.000000	-30.000000
12.000000	6.000000	-30.000000
13.000000	6.000000	-30.000000
14.000000	6.000000	-30.000000
15.000000	6.000000	-30.000000
16.000000	6.000000	-30.000000
5.000000	7.000000	-30.000000
6.000000	7.000000	-30.000000
7.000000	7.000000	-30.000000
8.000000	7.000000	-30.000000
9.000000	7.000000	-30.000000
10.000000	7.000000	-30.000000
11.000000	7.000000	-30.000000
12.000000	7.000000	-30.000000
13.000000	7.000000	-30.000000
14.000000	7.000000	-30.000000
15.000000	7.000000	-30.000000
16.000000	7.000000	-30.000000
5.000000	8.000000	-30.000000
6.000000	8.000000	-30.000000
7.000000	8.000000	-30.000000
8.000000	8.000000	-30.000000
9.000000	8.000000	-30.000000
10.000000	8.000000	-30.000000
11.000000	8.000000	-30.000000
12.000000	8.000000	-30.000000
13.000000	8.000000	-30.000000
14.000000	8.000000	-30.000000
15.000000	8.000000	-30.000000
16.000000	8.000000	-30.000000
5.000000	9.000000	-30.000000
6.000000	9.000000	-30.000000
7.000000	9.000000	-30.000000
8.000000	9.000000	-30.000000
9.000000	9.000000	-30.000000
10.000000	9.000000	-30.000000
11.000000	9.000000	-30.000000
12.000000	9.000000	-30.000000
13.000000	9.000000	-30.000000
14.000000	9.000000	-30.000000
15.000000	9.000000	-30.000000
16.000000	9.000000	-30.000000
5.000000	10.000000	-30.000000
6.000000	10.000000	-30.000000
7.000000	10.000000	-30.000000
8.000000	10.000000	-30.000000
9.000000	10.000000	-30.000000
10.000000	10.000000	-30.000000
11.000000	10.000000	-30.000000
12.000000	10.000000	-30.000000
13.000000	10.000000	-30.000000
14.000000	10.000000	-30.000000
15.000000	10.000000	-30.000000
16.000000	10.000000	-30.000000
5.000000	11.000000	-30.000000
6.000000	11.000000	-30.000000
7.000000	11.000000	-30.000000
8.000000	11.000000	-30.000000
9.000000	11.000000	-30.000000
10.000000	11.000000	-30.000000
11.000000	11.000000	-30.000000
12.000000	11.000000	-30.000000
13.000000	11.000000	-30.000000
14.000000	11.000000	-30.000000
15.000000	11.000000	-30.000000
16.000000	11.000000	-30.000000
5.000000	11.500000	-30.000000
6.000000	11.500000	-30.000000
7.000000	11.500000	-30.000000
8.000000	11.500000	-30.000000
9.000000	11.500000	-30.000000
10.000000	11.500000	-30.000000
11.000000	11.500000	-30.000000
12.000000	11.500000	-30.000000
13.000000	11.500000	-30.000000
14.000000	11.500000	-30.000000
15.000000	11.500000	-30.000000
16.000000	11.500000	-30.000000

Height = 1.000000

X		Y		PL(dB)
5.000000	2.000000	-30.000000
6.000000	2.000000	-30.000000
7.000000	2.000000	-30.000000
8.000000	2.000000	-30.000000
9.000000	2.000000	-30.000000
10.000000	2.000000	-30.000000
11.000000	2.000000	-30.000000
12.000000	2.000000	-30.000000
13.000000	2.000000	-30.000000
14.000000	2.000000	-30.000000
15.000000	2.000000	-30.000000
16.000000	2.000000	-30.000000
5.000000	3.000000	-30.000000
6.000000	3.000000	-30.000000
7.000000	3.000000	-30.000000
8.000000	3.000000	-30.000000
9.000000	3.000000	-30.000000
10.000000	3.000000	-30.000000
11.000000	3.000000	-30.000000
12.000000	3.000000	-30.000000
13.000000	3.000000	-30.000000
14.000000	3.000000	-30.000000
15.000000	3.000000	-30.000000
16.000000	3.000000	-30.000000
5.000000	4.000000	-30.000000
6.000000	4.000000	-30.000000
7.000000	4.000000	-30.000000
8.000000	4.000000	-30.000000
9.000000	4.000000	-30.000000
10.000000	4.000000	-30.000000
11.000000	4.000000	-30.000000
12.000000	4.000000	-30.000000
13.000000	4.000000	-30.000000
14.000000	4.000000	-30.000000
15.000000	4.000000	-30.000000
16.000000	4.000000	-30.000000
5.000000	5.000000	-30.000000
6.000000	5.000000	-30.000000
7.000000	5.000000	-30.000000
8.000000	5.000000	-30.000000
9.000000	5.000000	-30.000000
10.000000	5.000000	-30.000000
11.000000	5.000000	-30.000000
12.000000	5.000000	-30.000000
13.000000	5.000000	-30.000000
14.000000	5.000000	-30.000000
15.000000	5.000000	-30.000000
16.000000	5.000000	-30.000000
5.000000	6.000000	-30.000000
6.000000	6.000000	-30.000000
7.000000	6.000000	-30.000000
8.000000	6.000000	-30.000000
9.000000	6.000000	-30.000000
10.000000	6.000000	-30.000000
11.000000	6.000000	-30.000000
12.000000	6.000000	-30.000000
13.000000	6.000000	-30.000000
14.000000	6.000000	-30.000000
15.000000	6.000000	-30.000000
16.000000	6.000000	-30.000000
5.000000	7.000000	-30.000000
6.000000	7.000000	-30.000000
7.000000	7.000000	-30.000000
8.000000	7.000000	-30.000000
9.000000	7.000000	-30.000000
10.000000	7.000000	-30.000000
11.000000	7.000000	-30.000000
12.000000	7.000000	-30.000000
13.000000	7.000000	-30.000000
14.000000	7.000000	-30.000000
15.000000	7.000000	-30.000000
16.000000	7.000000	-30.000000
5.000000	8.000000	-30.000000
6.000000	8.000000	-30.000000
7.000000	8.000000	-30.000000
8.000000	8.000000	-30.000000
9.000000	8.000000	-30.000000
10.000000	8.000000	-30.000000
11.000000	8.000000	-30.000000
12.000000	8.000000	-30.000000
13.000000	8.000000	-30.000000
14.000000	8.000000	-30.000000
15.000000	8.000000	-30.000000
16.000000	8.000000	-30.000000
5.000000	9.000000	-30.000000
6.000000	9.000000	-30.000000
7.000000	9.000000	-30.000000
8.000000	9.000000	-30.000000
9.000000	9.000000	-30.000000
10.000000	9.000000	-30.000000
11.000000	9.000000	-30.000000
12.000000	9.000000	-30.000000
13.000000	9.000000	-30.000000
14.000000	9.000000	-30.000000
15.000000	9.000000	-30.000000
16.000000	9.000000	-30.000000
5.000000	10.000000	-30.000000
6.000000	10.000000	-30.000000
7.000000	10.000000	-30.000000
8.000000	10.000000	-30.000000
9.000000	10.000000	-30.000000
10.000000	10.000000	-30.000000
11.000000	10.000000	-30.000000
12.000000	10.000000	-30.000000
13.000000	10.000000	-30.000000
14.000000	10.000000	-30.000000
15.000000	10.000000	-30.000000
16.000000	10.000000	-30.000000
5.000000	11.000000	-30.000000
6.000000	11.000000	-30.000000
7.000000	11.000000	-30.000000
8.000000	11.000000	-30.000000
9.000000	11.000000	-30.000000
10.000000	11.000000	-30.000000
11.000000	11.000000	-30.000000
12.000000	11.000000	-30.000000
13.000000	11.000000	-30.000000
14.000000	11.000000	-30.000000
15.000000	11.000000	-30.000000
16.000000	11.000000	-30.000000
5.000000	11.500000	-30.000000
6.000000	11.500000	-30.000000
7.000000	11.500000	-30.000000
8.000000	11.500000	-30.000000
9.000000	11.500000	-30.000000
10.000000	11.500000	-30.000000
11.000000	11.500000	-30.000000
12.000000	11.500000	-30.000000
13.000000	11.500000	-30.000000
14.000000	11.500000	-30.000000
15.000000	11.500000	-30.000000
16.000000	11.500000	-30.000000

Height = 1.500000

X		Y		PL(dB)
5.000000	2.000000	-30.000000
6.000000	2.000000	-30.000000
7.000000	2.000000	-30.000000
8.000000	2.000000	-30.000000
9.000000	2.000000	-30.000000
10.000000	2.000000	-30.000000
11.000000	2.000000	-30.000000
12.000000	2.000000	-30.000000
13.000000	2.000000	-30.000000
14.000000	2.000000	-30.000000
15.000000	2.000000	-30.000000
16.000000	2.000000	-30.000000
5.000000	3.000000	-30.000000
6.000000	3.000000	-30.000000
7.000000	3.000000	-30.000000
8.000000	3.000000	-30.000000
9.000000	3.000000	-30.000000
10.000000	3.000000	-30.000000
11.000000	3.000000	-30.000000
12.000000	3.000000	-30.000000
13.000000	3.000000	-30.000000
14.000000	3.000000	-30.000000
15.000000	3.000000	-30.000000
16.000000	3.000000	-30.000000
5.000000	4.000000	-30.000000
6.000000	4.000000	-30.000000
7.000000	4.000000	-30.000000
8.000000	4.000000	-30.000000
9.000000	4.000000	-30.000000
10.000000	4.000000	-30.000000
11.000000	4.000000	-30.000000
12.000000	4.000000	-30.000000
13.000000	4.000000	-30.000000
14.000000	4.000000	-30.000000
15.000000	4.000000	-30.000000
16.000000	4.000000	-30.000000
5.000000	5.000000	-30.000000
6.000000	5.000000	-30.000000
7.000000	5.000000	-30.000000
8.000000	5.000000	-30.000000
9.000000	5.000000	-30.000000
10.000000	5.000000	-30.000000
11.000000	5.000000	-30.000000
12.000000	5.000000	-30.000000
13.000000	5.000000	-30.000000
14.000000	5.000000	-30.000000
15.000000	5.000000	-30.000000
16.000000	5.000000	-30.000000
5.000000	6.000000	-30.000000
6.000000	6.000000	-30.000000
7.000000	6.000000	-30.000000
8.000000	6.000000	-30.000000
9.000000	6.000000	-30.000000
10.000000	6.000000	-30.000000
11.000000	6.000000	-30.000000
12.000000	6.000000	-30.000000
13.000000	6.000000	-30.000000
14.000000	6.000000	-30.000000
15.000000	6.000000	-30.000000
16.000000	6.000000	-30.000000
5.000000	7.000000	-30.000000
6.000000	7.000000	-30.000000
7.000000	7.000000	-30.000000
8.000000	7.000000	-30.000000
9.000000	7.000000	-30.000000
10.000000	7.000000	-30.000000
11.000000	7.000000	-30.000000
12.000000	7.000000	-30.000000
13.000000	7.000000	-30.000000
14.000000	7.000000	-30.000000
15.000000	7.000000	-30.000000
16.000000	7.000000	-30.000000
5.000000	8.000000	-30.000000
6.000000	8.000000	-30.000000
7.000000	8.000000	-30.000000
8.000000	8.000000	-30.000000
9.000000	8.000000	-30.000000
10.000000	8.000000	-30.000000
11.000000	8.000000	-30.000000
12.000000	8.000000	-30.000000
13.000000	8.000000	-30.000000
14.000000	8.000000	-30.000000
15.000000	8.000000	-30.000000
16.000000	8.000000	-30.000000
5.000000	9.000000	-30.000000
6.000000	9.000000	-30.000000
7.000000	9.000000	-30.000000
8.000000	9.000000	-30.000000
9.000000	9.000000	-30.000000
10.000000	9.000000	-30.000000
11.000000	9.000000	-30.000000
12.000000	9.000000	-30.000000
13.000000	9.000000	-30.000000
14.000000	9.000000	-30.000000
15.000000	9.000000	-30.000000
16.000000	9.000000	-30.000000
5.000000	10.000000	-30.000000
6.000000	10.000000	-30.000000
7.000000	10.000000	-30.000000
8.000000	10.000000	-30.000000
9.000000	10.000000	-30.000000
10.000000	10.000000	-30.000000
11.000000	10.000000	-30.000000
12.000000	10.000000	-30.000000
13.000000	10.000000	-30.000000
14.000000	10.000000	-30.000000
15.000000	10.000000	-30.000000
16.000000	10.000000	-30.000000
5.000000	11.000000	-30.000000
6.000000	11.000000	-30.000000
7.000000	11.000000	-30.000000
8.000000	11.000000	-30.000000
9.000000	11.000000	-30.000000
10.000000	11.000000	-30.000000
11.000000	11.000000	-30.000000
12.000000	11.000000	-30.000000
13.000000	11.000000	-30.000000
14.000000	11.000000	-30.000000
15.000000	11.000000	-30.000000
16.000000	11.000000	-30.000000
5.000000	11.500000	-30.000000
6.000000	11.500000	-30.000000
7.000000	11.500000	-30.000000
8.000000	11.500000	-30.000000
9.000000	11.500000	-30.000000
10.000000	11.500000	-30.000000
11.000000	11.500000	-30.000000
12.000000	11.500000	-30.000000
13.000000	11.500000	-30.000000
14.000000	11.500000	-30.000000
15.000000	11.500000	-30.000000
16.000000	11.500000	-30.000000
