Event based TLM
Project: 1e-5
Wed Feb 04 11:01:09 2009


Grid Analysis - 12 x 11 x 3 samples

Height = 0.500000

X		Y		PL(dB)
5.000000	2.000000	-49.619843
6.000000	2.000000	-53.176710
7.000000	2.000000	-55.961574
8.000000	2.000000	-63.987732
9.000000	2.000000	-71.252261
10.000000	2.000000	-83.083086
11.000000	2.000000	-94.693583
12.000000	2.000000	-94.549263
13.000000	2.000000	-50.000000
14.000000	2.000000	-50.000000
15.000000	2.000000	-50.000000
16.000000	2.000000	-50.000000
5.000000	3.000000	-52.132438
6.000000	3.000000	-52.301904
7.000000	3.000000	-60.143837
8.000000	3.000000	-63.881644
9.000000	3.000000	-69.291597
10.000000	3.000000	-81.151026
11.000000	3.000000	-82.825419
12.000000	3.000000	-82.977492
13.000000	3.000000	-89.774875
14.000000	3.000000	-95.138260
15.000000	3.000000	-50.000000
16.000000	3.000000	-50.000000
5.000000	4.000000	-54.754025
6.000000	4.000000	-56.304205
7.000000	4.000000	-58.503216
8.000000	4.000000	-61.705043
9.000000	4.000000	-69.291900
10.000000	4.000000	-82.961262
11.000000	4.000000	-83.875342
12.000000	4.000000	-84.583574
13.000000	4.000000	-87.804247
14.000000	4.000000	-91.918062
15.000000	4.000000	-50.000000
16.000000	4.000000	-50.000000
5.000000	5.000000	-51.629014
6.000000	5.000000	-51.681037
7.000000	5.000000	-56.684395
8.000000	5.000000	-64.609585
9.000000	5.000000	-78.641321
10.000000	5.000000	-83.339695
11.000000	5.000000	-84.900443
12.000000	5.000000	-85.107213
13.000000	5.000000	-89.722503
14.000000	5.000000	-94.029719
15.000000	5.000000	-50.000000
16.000000	5.000000	-50.000000
5.000000	6.000000	-49.345068
6.000000	6.000000	-56.623366
7.000000	6.000000	-59.937735
8.000000	6.000000	-67.815098
9.000000	6.000000	-75.373176
10.000000	6.000000	-80.792506
11.000000	6.000000	-83.440415
12.000000	6.000000	-85.656859
13.000000	6.000000	-88.865313
14.000000	6.000000	-91.542490
15.000000	6.000000	-50.000000
16.000000	6.000000	-50.000000
5.000000	7.000000	-50.740127
6.000000	7.000000	-53.617845
7.000000	7.000000	-55.502647
8.000000	7.000000	-62.645519
9.000000	7.000000	-71.666146
10.000000	7.000000	-80.505100
11.000000	7.000000	-81.723493
12.000000	7.000000	-83.654213
13.000000	7.000000	-84.067199
14.000000	7.000000	-88.794201
15.000000	7.000000	-94.306896
16.000000	7.000000	-50.000000
5.000000	8.000000	-55.618029
6.000000	8.000000	-54.599994
7.000000	8.000000	-54.247892
8.000000	8.000000	-58.378534
9.000000	8.000000	-70.317709
10.000000	8.000000	-74.962537
11.000000	8.000000	-78.930856
12.000000	8.000000	-80.176955
13.000000	8.000000	-81.433971
14.000000	8.000000	-84.949351
15.000000	8.000000	-88.876112
16.000000	8.000000	-50.000000
5.000000	9.000000	-59.521279
6.000000	9.000000	-62.304449
7.000000	9.000000	-58.773166
8.000000	9.000000	-61.741772
9.000000	9.000000	-68.010030
10.000000	9.000000	-74.300512
11.000000	9.000000	-81.510769
12.000000	9.000000	-85.664813
13.000000	9.000000	-84.930684
14.000000	9.000000	-84.242110
15.000000	9.000000	-89.775141
16.000000	9.000000	-102.690594
5.000000	10.000000	-60.363883
6.000000	10.000000	-63.827467
7.000000	10.000000	-66.180920
8.000000	10.000000	-64.536680
9.000000	10.000000	-63.030934
10.000000	10.000000	-73.349705
11.000000	10.000000	-80.769163
12.000000	10.000000	-81.577151
13.000000	10.000000	-87.210329
14.000000	10.000000	-87.345243
15.000000	10.000000	-88.913069
16.000000	10.000000	-96.496879
5.000000	11.000000	-79.348962
6.000000	11.000000	-76.981907
7.000000	11.000000	-72.116078
8.000000	11.000000	-74.927065
9.000000	11.000000	-64.433407
10.000000	11.000000	-70.010506
11.000000	11.000000	-80.817525
12.000000	11.000000	-80.581745
13.000000	11.000000	-88.003829
14.000000	11.000000	-86.449847
15.000000	11.000000	-86.563911
16.000000	11.000000	-91.326094
5.000000	11.500000	-79.107668
6.000000	11.500000	-78.775986
7.000000	11.500000	-76.634330
8.000000	11.500000	-77.446038
9.000000	11.500000	-71.760444
10.000000	11.500000	-66.782622
11.000000	11.500000	-79.593240
12.000000	11.500000	-81.794571
13.000000	11.500000	-86.724885
14.000000	11.500000	-83.839367
15.000000	11.500000	-89.350610
16.000000	11.500000	-89.416363

Height = 1.000000

X		Y		PL(dB)
5.000000	2.000000	-55.054436
6.000000	2.000000	-54.821065
7.000000	2.000000	-56.112305
8.000000	2.000000	-61.825278
9.000000	2.000000	-71.945415
10.000000	2.000000	-79.587544
11.000000	2.000000	-84.322819
12.000000	2.000000	-87.236755
13.000000	2.000000	-90.371149
14.000000	2.000000	-98.783217
15.000000	2.000000	-50.000000
16.000000	2.000000	-50.000000
5.000000	3.000000	-52.905846
6.000000	3.000000	-53.003676
7.000000	3.000000	-56.928057
8.000000	3.000000	-64.700095
9.000000	3.000000	-72.745326
10.000000	3.000000	-78.276229
11.000000	3.000000	-75.306088
12.000000	3.000000	-79.606695
13.000000	3.000000	-82.952692
14.000000	3.000000	-87.183106
15.000000	3.000000	-50.000000
16.000000	3.000000	-50.000000
5.000000	4.000000	-56.217014
6.000000	4.000000	-57.433611
7.000000	4.000000	-55.539278
8.000000	4.000000	-65.246319
9.000000	4.000000	-67.023738
10.000000	4.000000	-78.693809
11.000000	4.000000	-80.419714
12.000000	4.000000	-78.189577
13.000000	4.000000	-84.102518
14.000000	4.000000	-84.530954
15.000000	4.000000	-102.024529
16.000000	4.000000	-50.000000
5.000000	5.000000	-58.348830
6.000000	5.000000	-53.696771
7.000000	5.000000	-59.827772
8.000000	5.000000	-68.516200
9.000000	5.000000	-70.880442
10.000000	5.000000	-78.761128
11.000000	5.000000	-82.357996
12.000000	5.000000	-80.541488
13.000000	5.000000	-84.380833
14.000000	5.000000	-86.331699
15.000000	5.000000	-98.263231
16.000000	5.000000	-50.000000
5.000000	6.000000	-54.524958
6.000000	6.000000	-56.930457
7.000000	6.000000	-60.292105
8.000000	6.000000	-66.695213
9.000000	6.000000	-75.828792
10.000000	6.000000	-77.808512
11.000000	6.000000	-81.535588
12.000000	6.000000	-80.568254
13.000000	6.000000	-81.062381
14.000000	6.000000	-85.123855
15.000000	6.000000	-91.789100
16.000000	6.000000	-50.000000
5.000000	7.000000	-54.207726
6.000000	7.000000	-52.028772
7.000000	7.000000	-61.097160
8.000000	7.000000	-63.394835
9.000000	7.000000	-66.746729
10.000000	7.000000	-73.682701
11.000000	7.000000	-77.492752
12.000000	7.000000	-78.976994
13.000000	7.000000	-78.518723
14.000000	7.000000	-81.718207
15.000000	7.000000	-87.432381
16.000000	7.000000	-50.000000
5.000000	8.000000	-55.849184
6.000000	8.000000	-53.845339
7.000000	8.000000	-55.117636
8.000000	8.000000	-59.276081
9.000000	8.000000	-67.341517
10.000000	8.000000	-70.756807
11.000000	8.000000	-74.366045
12.000000	8.000000	-76.660862
13.000000	8.000000	-77.546160
14.000000	8.000000	-81.027377
15.000000	8.000000	-84.769816
16.000000	8.000000	-96.520432
5.000000	9.000000	-58.009392
6.000000	9.000000	-58.532521
7.000000	9.000000	-59.961471
8.000000	9.000000	-62.077017
9.000000	9.000000	-66.972829
10.000000	9.000000	-72.261752
11.000000	9.000000	-77.683298
12.000000	9.000000	-78.490659
13.000000	9.000000	-80.757698
14.000000	9.000000	-80.197485
15.000000	9.000000	-83.811391
16.000000	9.000000	-87.674725
5.000000	10.000000	-65.298017
6.000000	10.000000	-58.920024
7.000000	10.000000	-65.195962
8.000000	10.000000	-64.541650
9.000000	10.000000	-66.114081
10.000000	10.000000	-72.860054
11.000000	10.000000	-76.618397
12.000000	10.000000	-78.752597
13.000000	10.000000	-79.072985
14.000000	10.000000	-79.809261
15.000000	10.000000	-82.889334
16.000000	10.000000	-86.809526
5.000000	11.000000	-67.407970
6.000000	11.000000	-71.944078
7.000000	11.000000	-67.097616
8.000000	11.000000	-74.200332
9.000000	11.000000	-66.210973
10.000000	11.000000	-69.965272
11.000000	11.000000	-77.211988
12.000000	11.000000	-77.920348
13.000000	11.000000	-78.268744
14.000000	11.000000	-78.508432
15.000000	11.000000	-83.457237
16.000000	11.000000	-84.412518
5.000000	11.500000	-74.053991
6.000000	11.500000	-75.530417
7.000000	11.500000	-70.656923
8.000000	11.500000	-75.638500
9.000000	11.500000	-72.946075
10.000000	11.500000	-69.370059
11.000000	11.500000	-76.907461
12.000000	11.500000	-78.015858
13.000000	11.500000	-78.620797
14.000000	11.500000	-76.067753
15.000000	11.500000	-80.386223
16.000000	11.500000	-82.947588

Height = 1.500000

X		Y		PL(dB)
5.000000	2.000000	-51.534160
6.000000	2.000000	-58.211322
7.000000	2.000000	-61.069397
8.000000	2.000000	-70.054244
9.000000	2.000000	-73.337986
10.000000	2.000000	-78.084876
11.000000	2.000000	-81.031686
12.000000	2.000000	-83.018400
13.000000	2.000000	-84.012582
14.000000	2.000000	-93.133352
15.000000	2.000000	-50.000000
16.000000	2.000000	-50.000000
5.000000	3.000000	-53.559188
6.000000	3.000000	-58.886856
7.000000	3.000000	-59.405016
8.000000	3.000000	-68.706557
9.000000	3.000000	-74.314712
10.000000	3.000000	-75.496981
11.000000	3.000000	-75.239332
12.000000	3.000000	-75.772972
13.000000	3.000000	-79.748998
14.000000	3.000000	-82.373302
15.000000	3.000000	-89.128350
16.000000	3.000000	-50.000000
5.000000	4.000000	-52.874438
6.000000	4.000000	-59.900361
7.000000	4.000000	-59.121685
8.000000	4.000000	-65.523235
9.000000	4.000000	-72.846950
10.000000	4.000000	-75.329534
11.000000	4.000000	-75.755515
12.000000	4.000000	-76.982501
13.000000	4.000000	-77.834813
14.000000	4.000000	-80.446002
15.000000	4.000000	-86.902373
16.000000	4.000000	-50.000000
5.000000	5.000000	-54.112432
6.000000	5.000000	-58.289110
7.000000	5.000000	-64.339768
8.000000	5.000000	-67.389990
9.000000	5.000000	-70.135503
10.000000	5.000000	-75.649454
11.000000	5.000000	-77.128034
12.000000	5.000000	-78.110706
13.000000	5.000000	-79.173570
14.000000	5.000000	-81.388764
15.000000	5.000000	-89.383172
16.000000	5.000000	-50.000000
5.000000	6.000000	-52.980983
6.000000	6.000000	-58.264199
7.000000	6.000000	-59.994092
8.000000	6.000000	-66.109668
9.000000	6.000000	-72.292639
10.000000	6.000000	-75.053186
11.000000	6.000000	-76.124696
12.000000	6.000000	-77.862396
13.000000	6.000000	-77.594382
14.000000	6.000000	-81.227318
15.000000	6.000000	-87.929699
16.000000	6.000000	-50.000000
5.000000	7.000000	-51.504391
6.000000	7.000000	-54.357502
7.000000	7.000000	-62.636799
8.000000	7.000000	-63.804491
9.000000	7.000000	-67.826479
10.000000	7.000000	-70.857993
11.000000	7.000000	-73.764714
12.000000	7.000000	-75.144947
13.000000	7.000000	-77.063372
14.000000	7.000000	-79.401850
15.000000	7.000000	-84.170835
16.000000	7.000000	-50.000000
5.000000	8.000000	-61.151486
6.000000	8.000000	-56.266136
7.000000	8.000000	-60.045964
8.000000	8.000000	-62.760397
9.000000	8.000000	-65.354314
10.000000	8.000000	-69.226606
11.000000	8.000000	-70.884996
12.000000	8.000000	-73.473268
13.000000	8.000000	-74.578214
14.000000	8.000000	-77.169799
15.000000	8.000000	-82.551860
16.000000	8.000000	-91.306407
5.000000	9.000000	-59.089717
6.000000	9.000000	-62.834005
7.000000	9.000000	-58.450614
8.000000	9.000000	-63.337398
9.000000	9.000000	-65.247721
10.000000	9.000000	-68.058774
11.000000	9.000000	-71.099854
12.000000	9.000000	-73.012918
13.000000	9.000000	-75.756125
14.000000	9.000000	-75.813745
15.000000	9.000000	-80.661332
16.000000	9.000000	-84.123810
5.000000	10.000000	-67.014001
6.000000	10.000000	-62.755993
7.000000	10.000000	-65.104416
8.000000	10.000000	-65.704474
9.000000	10.000000	-66.195483
10.000000	10.000000	-69.920272
11.000000	10.000000	-71.951785
12.000000	10.000000	-73.343998
13.000000	10.000000	-74.241281
14.000000	10.000000	-77.280703
15.000000	10.000000	-78.967531
16.000000	10.000000	-82.935611
5.000000	11.000000	-69.551053
6.000000	11.000000	-69.673552
7.000000	11.000000	-66.738861
8.000000	11.000000	-68.422380
9.000000	11.000000	-67.105834
10.000000	11.000000	-68.226923
11.000000	11.000000	-70.740952
12.000000	11.000000	-73.223701
13.000000	11.000000	-74.269697
14.000000	11.000000	-73.934325
15.000000	11.000000	-78.191355
16.000000	11.000000	-81.206788
5.000000	11.500000	-71.006234
6.000000	11.500000	-71.137996
7.000000	11.500000	-70.874107
8.000000	11.500000	-69.450937
9.000000	11.500000	-69.070075
10.000000	11.500000	-69.191564
11.000000	11.500000	-70.326334
12.000000	11.500000	-72.737510
13.000000	11.500000	-73.831065
14.000000	11.500000	-75.465596
15.000000	11.500000	-77.353721
16.000000	11.500000	-80.737252
