Event based TLM
Project: RM219_parallel_130_1e-3
Fri Apr 24 02:20:53 2009


Grid Analysis - 12 x 11 x 3 samples

Height = 0.500000

X		Y		PL(dB)
5.000000	2.000000	-51.234743
6.000000	2.000000	-53.513274
7.000000	2.000000	-53.045931
8.000000	2.000000	-60.903135
9.000000	2.000000	-62.434137
10.000000	2.000000	-69.261270
11.000000	2.000000	-71.238707
12.000000	2.000000	-69.251526
13.000000	2.000000	-71.293511
14.000000	2.000000	-75.513548
15.000000	2.000000	-71.492303
16.000000	2.000000	-76.602527
5.000000	3.000000	-52.450183
6.000000	3.000000	-52.692286
7.000000	3.000000	-58.437568
8.000000	3.000000	-60.273697
9.000000	3.000000	-63.173897
10.000000	3.000000	-69.509822
11.000000	3.000000	-70.569525
12.000000	3.000000	-69.284773
13.000000	3.000000	-67.056274
14.000000	3.000000	-69.822595
15.000000	3.000000	-72.389010
16.000000	3.000000	-75.531011
5.000000	4.000000	-55.433851
6.000000	4.000000	-55.716394
7.000000	4.000000	-55.620549
8.000000	4.000000	-58.691846
9.000000	4.000000	-63.973601
10.000000	4.000000	-62.765887
11.000000	4.000000	-68.138614
12.000000	4.000000	-69.088430
13.000000	4.000000	-74.380692
14.000000	4.000000	-72.579138
15.000000	4.000000	-70.931278
16.000000	4.000000	-72.299780
5.000000	5.000000	-50.701155
6.000000	5.000000	-50.020076
7.000000	5.000000	-55.905872
8.000000	5.000000	-62.106074
9.000000	5.000000	-61.761272
10.000000	5.000000	-67.446270
11.000000	5.000000	-68.811137
12.000000	5.000000	-68.109168
13.000000	5.000000	-70.176858
14.000000	5.000000	-74.149896
15.000000	5.000000	-74.143194
16.000000	5.000000	-75.840835
5.000000	6.000000	-48.742657
6.000000	6.000000	-54.702232
7.000000	6.000000	-58.237125
8.000000	6.000000	-61.654796
9.000000	6.000000	-66.154762
10.000000	6.000000	-66.542902
11.000000	6.000000	-68.429266
12.000000	6.000000	-69.238590
13.000000	6.000000	-73.740372
14.000000	6.000000	-72.922873
15.000000	6.000000	-71.459815
16.000000	6.000000	-71.918278
5.000000	7.000000	-52.525248
6.000000	7.000000	-49.471471
7.000000	7.000000	-54.054311
8.000000	7.000000	-57.501750
9.000000	7.000000	-60.526265
10.000000	7.000000	-64.209015
11.000000	7.000000	-67.905173
12.000000	7.000000	-69.964521
13.000000	7.000000	-68.181551
14.000000	7.000000	-75.053285
15.000000	7.000000	-74.511643
16.000000	7.000000	-72.817593
5.000000	8.000000	-55.397733
6.000000	8.000000	-52.350312
7.000000	8.000000	-50.197015
8.000000	8.000000	-57.228323
9.000000	8.000000	-57.878627
10.000000	8.000000	-65.803687
11.000000	8.000000	-64.386543
12.000000	8.000000	-71.539721
13.000000	8.000000	-70.294700
14.000000	8.000000	-70.400716
15.000000	8.000000	-71.440117
16.000000	8.000000	-70.420216
5.000000	9.000000	-57.637048
6.000000	9.000000	-61.290950
7.000000	9.000000	-56.511929
8.000000	9.000000	-57.927269
9.000000	9.000000	-59.215296
10.000000	9.000000	-62.630729
11.000000	9.000000	-64.936336
12.000000	9.000000	-70.220235
13.000000	9.000000	-69.634436
14.000000	9.000000	-69.078978
15.000000	9.000000	-69.115326
16.000000	9.000000	-64.991015
5.000000	10.000000	-61.001815
6.000000	10.000000	-60.911541
7.000000	10.000000	-60.877976
8.000000	10.000000	-61.060674
9.000000	10.000000	-60.589260
10.000000	10.000000	-60.560108
11.000000	10.000000	-64.443869
12.000000	10.000000	-66.138156
13.000000	10.000000	-69.784230
14.000000	10.000000	-69.618573
15.000000	10.000000	-73.849327
16.000000	10.000000	-69.199208
5.000000	11.000000	-65.547576
6.000000	11.000000	-64.106807
7.000000	11.000000	-64.221904
8.000000	11.000000	-65.720729
9.000000	11.000000	-62.325383
10.000000	11.000000	-62.089212
11.000000	11.000000	-64.721815
12.000000	11.000000	-65.881623
13.000000	11.000000	-65.395884
14.000000	11.000000	-70.844138
15.000000	11.000000	-72.747877
16.000000	11.000000	-70.559627
5.000000	11.500000	-67.435267
6.000000	11.500000	-65.253720
7.000000	11.500000	-65.205882
8.000000	11.500000	-66.437235
9.000000	11.500000	-62.596258
10.000000	11.500000	-61.839590
11.000000	11.500000	-61.811492
12.000000	11.500000	-65.760306
13.000000	11.500000	-66.961927
14.000000	11.500000	-70.600861
15.000000	11.500000	-72.207996
16.000000	11.500000	-71.920301

Height = 1.000000

X		Y		PL(dB)
5.000000	2.000000	-57.064568
6.000000	2.000000	-57.598057
7.000000	2.000000	-60.975341
8.000000	2.000000	-63.783460
9.000000	2.000000	-60.965592
10.000000	2.000000	-62.824156
11.000000	2.000000	-70.157539
12.000000	2.000000	-67.113540
13.000000	2.000000	-69.874318
14.000000	2.000000	-66.570395
15.000000	2.000000	-70.992933
16.000000	2.000000	-70.989998
5.000000	3.000000	-53.475045
6.000000	3.000000	-52.780405
7.000000	3.000000	-56.926946
8.000000	3.000000	-57.306682
9.000000	3.000000	-64.817821
10.000000	3.000000	-66.573525
11.000000	3.000000	-68.262557
12.000000	3.000000	-70.541553
13.000000	3.000000	-66.175056
14.000000	3.000000	-67.073009
15.000000	3.000000	-72.538406
16.000000	3.000000	-76.549121
5.000000	4.000000	-54.666779
6.000000	4.000000	-56.528492
7.000000	4.000000	-53.264745
8.000000	4.000000	-60.369125
9.000000	4.000000	-60.502279
10.000000	4.000000	-67.221016
11.000000	4.000000	-65.691453
12.000000	4.000000	-70.015832
13.000000	4.000000	-69.145930
14.000000	4.000000	-71.931669
15.000000	4.000000	-70.507252
16.000000	4.000000	-72.743511
5.000000	5.000000	-58.881810
6.000000	5.000000	-52.441753
7.000000	5.000000	-55.508499
8.000000	5.000000	-60.469854
9.000000	5.000000	-59.897359
10.000000	5.000000	-61.981248
11.000000	5.000000	-68.742564
12.000000	5.000000	-66.872386
13.000000	5.000000	-69.119216
14.000000	5.000000	-72.891344
15.000000	5.000000	-71.113720
16.000000	5.000000	-71.806685
5.000000	6.000000	-53.355501
6.000000	6.000000	-54.950840
7.000000	6.000000	-57.537431
8.000000	6.000000	-59.634210
9.000000	6.000000	-62.733214
10.000000	6.000000	-62.652750
11.000000	6.000000	-69.409642
12.000000	6.000000	-66.679654
13.000000	6.000000	-65.229898
14.000000	6.000000	-70.412774
15.000000	6.000000	-64.417235
16.000000	6.000000	-70.282134
5.000000	7.000000	-54.459777
6.000000	7.000000	-51.764787
7.000000	7.000000	-58.325208
8.000000	7.000000	-59.607551
9.000000	7.000000	-58.797534
10.000000	7.000000	-62.745660
11.000000	7.000000	-66.507602
12.000000	7.000000	-66.016109
13.000000	7.000000	-62.999343
14.000000	7.000000	-67.100592
15.000000	7.000000	-67.379683
16.000000	7.000000	-69.907720
5.000000	8.000000	-54.710561
6.000000	8.000000	-54.133393
7.000000	8.000000	-54.918729
8.000000	8.000000	-56.882556
9.000000	8.000000	-58.017317
10.000000	8.000000	-60.718487
11.000000	8.000000	-69.363592
12.000000	8.000000	-65.726741
13.000000	8.000000	-63.751156
14.000000	8.000000	-62.776832
15.000000	8.000000	-63.209981
16.000000	8.000000	-68.876884
5.000000	9.000000	-55.087665
6.000000	9.000000	-59.144800
7.000000	9.000000	-56.487329
8.000000	9.000000	-54.935467
9.000000	9.000000	-57.082793
10.000000	9.000000	-60.026824
11.000000	9.000000	-65.707840
12.000000	9.000000	-69.244993
13.000000	9.000000	-66.854488
14.000000	9.000000	-64.152033
15.000000	9.000000	-66.835351
16.000000	9.000000	-63.587335
5.000000	10.000000	-60.756030
6.000000	10.000000	-56.549919
7.000000	10.000000	-59.207523
8.000000	10.000000	-62.122342
9.000000	10.000000	-58.997402
10.000000	10.000000	-60.239758
11.000000	10.000000	-66.177103
12.000000	10.000000	-63.072999
13.000000	10.000000	-65.350602
14.000000	10.000000	-61.878239
15.000000	10.000000	-64.880803
16.000000	10.000000	-67.821351
5.000000	11.000000	-60.823554
6.000000	11.000000	-63.283734
7.000000	11.000000	-59.368689
8.000000	11.000000	-57.970104
9.000000	11.000000	-60.954296
10.000000	11.000000	-60.257054
11.000000	11.000000	-62.619075
12.000000	11.000000	-65.132149
13.000000	11.000000	-64.610410
14.000000	11.000000	-60.037209
15.000000	11.000000	-62.404805
16.000000	11.000000	-67.008354
5.000000	11.500000	-65.067477
6.000000	11.500000	-65.885793
7.000000	11.500000	-62.777399
8.000000	11.500000	-60.697380
9.000000	11.500000	-60.147606
10.000000	11.500000	-57.600624
11.000000	11.500000	-63.717198
12.000000	11.500000	-62.474642
13.000000	11.500000	-61.411262
14.000000	11.500000	-61.714858
15.000000	11.500000	-70.260475
16.000000	11.500000	-68.545411

Height = 1.500000

X		Y		PL(dB)
5.000000	2.000000	-50.666132
6.000000	2.000000	-54.730058
7.000000	2.000000	-60.075108
8.000000	2.000000	-64.743722
9.000000	2.000000	-63.867171
10.000000	2.000000	-64.514482
11.000000	2.000000	-65.181642
12.000000	2.000000	-64.734397
13.000000	2.000000	-63.475048
14.000000	2.000000	-66.159349
15.000000	2.000000	-74.455186
16.000000	2.000000	-76.991998
5.000000	3.000000	-52.793125
6.000000	3.000000	-58.953406
7.000000	3.000000	-55.677407
8.000000	3.000000	-64.260176
9.000000	3.000000	-65.953324
10.000000	3.000000	-64.243990
11.000000	3.000000	-64.958001
12.000000	3.000000	-66.796026
13.000000	3.000000	-64.557969
14.000000	3.000000	-68.506508
15.000000	3.000000	-73.924397
16.000000	3.000000	-73.934996
5.000000	4.000000	-52.393300
6.000000	4.000000	-60.016197
7.000000	4.000000	-57.038550
8.000000	4.000000	-63.061877
9.000000	4.000000	-63.840798
10.000000	4.000000	-66.417475
11.000000	4.000000	-66.259526
12.000000	4.000000	-66.415542
13.000000	4.000000	-66.991157
14.000000	4.000000	-76.084461
15.000000	4.000000	-77.111854
16.000000	4.000000	-75.174509
5.000000	5.000000	-55.136588
6.000000	5.000000	-54.808541
7.000000	5.000000	-60.030846
8.000000	5.000000	-63.168768
9.000000	5.000000	-64.978941
10.000000	5.000000	-61.866399
11.000000	5.000000	-60.481867
12.000000	5.000000	-63.713627
13.000000	5.000000	-62.214692
14.000000	5.000000	-68.045420
15.000000	5.000000	-72.783464
16.000000	5.000000	-72.889812
5.000000	6.000000	-53.102027
6.000000	6.000000	-55.343080
7.000000	6.000000	-57.552357
8.000000	6.000000	-61.557077
9.000000	6.000000	-65.434533
10.000000	6.000000	-61.620694
11.000000	6.000000	-63.091909
12.000000	6.000000	-64.833008
13.000000	6.000000	-67.256240
14.000000	6.000000	-66.549734
15.000000	6.000000	-70.604945
16.000000	6.000000	-72.315723
5.000000	7.000000	-50.811266
6.000000	7.000000	-54.248054
7.000000	7.000000	-62.712926
8.000000	7.000000	-59.424765
9.000000	7.000000	-63.616673
10.000000	7.000000	-61.373896
11.000000	7.000000	-62.340469
12.000000	7.000000	-62.563160
13.000000	7.000000	-64.581238
14.000000	7.000000	-71.150219
15.000000	7.000000	-73.453586
16.000000	7.000000	-78.362874
5.000000	8.000000	-58.077191
6.000000	8.000000	-56.969650
7.000000	8.000000	-59.603442
8.000000	8.000000	-60.765110
9.000000	8.000000	-60.588306
10.000000	8.000000	-63.084950
11.000000	8.000000	-65.919486
12.000000	8.000000	-65.000357
13.000000	8.000000	-61.954864
14.000000	8.000000	-64.696079
15.000000	8.000000	-71.897602
16.000000	8.000000	-69.389957
5.000000	9.000000	-59.330567
6.000000	9.000000	-60.549888
7.000000	9.000000	-60.247287
8.000000	9.000000	-59.663270
9.000000	9.000000	-61.013896
10.000000	9.000000	-60.207481
11.000000	9.000000	-63.256140
12.000000	9.000000	-62.985831
13.000000	9.000000	-63.378264
14.000000	9.000000	-69.119510
15.000000	9.000000	-73.075216
16.000000	9.000000	-70.244430
5.000000	10.000000	-61.764878
6.000000	10.000000	-60.284520
7.000000	10.000000	-62.291876
8.000000	10.000000	-63.557453
9.000000	10.000000	-60.903620
10.000000	10.000000	-60.097082
11.000000	10.000000	-58.564822
12.000000	10.000000	-61.910596
13.000000	10.000000	-67.050563
14.000000	10.000000	-67.784708
15.000000	10.000000	-70.656099
16.000000	10.000000	-71.552548
5.000000	11.000000	-61.715424
6.000000	11.000000	-60.489607
7.000000	11.000000	-59.728427
8.000000	11.000000	-62.375440
9.000000	11.000000	-63.185850
10.000000	11.000000	-57.884124
11.000000	11.000000	-59.586631
12.000000	11.000000	-60.784564
13.000000	11.000000	-61.448297
14.000000	11.000000	-65.279735
15.000000	11.000000	-72.041497
16.000000	11.000000	-74.670008
5.000000	11.500000	-65.478829
6.000000	11.500000	-63.482489
7.000000	11.500000	-60.788013
8.000000	11.500000	-63.144238
9.000000	11.500000	-63.107231
10.000000	11.500000	-59.379256
11.000000	11.500000	-59.970280
12.000000	11.500000	-57.945348
13.000000	11.500000	-59.895254
14.000000	11.500000	-65.137607
15.000000	11.500000	-71.526538
16.000000	11.500000	-73.400838
