Event based TLM
Project: RM219_parallel_150_1e-1
Fri Apr 24 03:39:38 2009


Grid Analysis - 12 x 11 x 3 samples

Height = 0.500000

X		Y		PL(dB)
5.000000	2.000000	-57.832533
6.000000	2.000000	-65.918357
7.000000	2.000000	-70.108264
8.000000	2.000000	-74.171578
9.000000	2.000000	-78.766089
10.000000	2.000000	-82.709784
11.000000	2.000000	-86.677993
12.000000	2.000000	-85.533316
13.000000	2.000000	-88.886049
14.000000	2.000000	-91.998858
15.000000	2.000000	-93.012369
16.000000	2.000000	-95.551250
5.000000	3.000000	-66.375763
6.000000	3.000000	-65.080513
7.000000	3.000000	-66.091401
8.000000	3.000000	-69.325932
9.000000	3.000000	-75.784661
10.000000	3.000000	-76.745116
11.000000	3.000000	-77.070832
12.000000	3.000000	-81.240039
13.000000	3.000000	-86.646886
14.000000	3.000000	-87.711484
15.000000	3.000000	-88.659794
16.000000	3.000000	-90.344701
5.000000	4.000000	-58.429652
6.000000	4.000000	-64.341563
7.000000	4.000000	-68.892224
8.000000	4.000000	-71.894884
9.000000	4.000000	-77.856602
10.000000	4.000000	-80.758279
11.000000	4.000000	-81.912155
12.000000	4.000000	-80.810172
13.000000	4.000000	-84.497818
14.000000	4.000000	-87.613618
15.000000	4.000000	-88.504624
16.000000	4.000000	-88.537047
5.000000	5.000000	-62.083978
6.000000	5.000000	-65.574206
7.000000	5.000000	-70.304612
8.000000	5.000000	-76.968472
9.000000	5.000000	-79.770652
10.000000	5.000000	-80.528480
11.000000	5.000000	-84.211936
12.000000	5.000000	-85.122009
13.000000	5.000000	-90.439622
14.000000	5.000000	-89.218837
15.000000	5.000000	-88.771905
16.000000	5.000000	-89.751017
5.000000	6.000000	-51.826439
6.000000	6.000000	-63.471878
7.000000	6.000000	-65.704238
8.000000	6.000000	-69.380795
9.000000	6.000000	-78.378486
10.000000	6.000000	-81.197710
11.000000	6.000000	-83.961844
12.000000	6.000000	-83.480812
13.000000	6.000000	-87.513488
14.000000	6.000000	-88.704528
15.000000	6.000000	-91.106570
16.000000	6.000000	-90.803532
5.000000	7.000000	-58.435104
6.000000	7.000000	-60.983242
7.000000	7.000000	-65.940845
8.000000	7.000000	-68.124796
9.000000	7.000000	-73.521644
10.000000	7.000000	-76.953334
11.000000	7.000000	-82.706955
12.000000	7.000000	-85.371126
13.000000	7.000000	-87.169088
14.000000	7.000000	-89.138888
15.000000	7.000000	-90.466393
16.000000	7.000000	-100.113554
5.000000	8.000000	-61.138611
6.000000	8.000000	-60.722567
7.000000	8.000000	-64.829767
8.000000	8.000000	-69.791271
9.000000	8.000000	-70.416887
10.000000	8.000000	-73.536742
11.000000	8.000000	-77.014816
12.000000	8.000000	-81.845673
13.000000	8.000000	-85.505734
14.000000	8.000000	-88.132990
15.000000	8.000000	-89.802870
16.000000	8.000000	-92.872806
5.000000	9.000000	-66.848463
6.000000	9.000000	-64.974981
7.000000	9.000000	-64.466656
8.000000	9.000000	-67.192489
9.000000	9.000000	-70.503649
10.000000	9.000000	-73.028864
11.000000	9.000000	-75.979439
12.000000	9.000000	-79.827938
13.000000	9.000000	-83.584292
14.000000	9.000000	-86.388184
15.000000	9.000000	-89.467131
16.000000	9.000000	-90.887106
5.000000	10.000000	-69.409523
6.000000	10.000000	-70.297233
7.000000	10.000000	-68.125343
8.000000	10.000000	-68.590578
9.000000	10.000000	-70.761370
10.000000	10.000000	-73.653231
11.000000	10.000000	-75.841471
12.000000	10.000000	-78.767461
13.000000	10.000000	-81.378883
14.000000	10.000000	-81.768028
15.000000	10.000000	-87.493212
16.000000	10.000000	-89.565460
5.000000	11.000000	-73.952354
6.000000	11.000000	-72.692247
7.000000	11.000000	-72.885037
8.000000	11.000000	-72.347608
9.000000	11.000000	-71.210750
10.000000	11.000000	-75.176157
11.000000	11.000000	-78.938476
12.000000	11.000000	-78.567774
13.000000	11.000000	-80.690147
14.000000	11.000000	-81.261346
15.000000	11.000000	-84.180668
16.000000	11.000000	-87.119494
5.000000	11.500000	-75.676835
6.000000	11.500000	-75.043241
7.000000	11.500000	-75.342714
8.000000	11.500000	-74.587346
9.000000	11.500000	-71.699521
10.000000	11.500000	-73.861837
11.000000	11.500000	-77.820220
12.000000	11.500000	-79.219434
13.000000	11.500000	-80.354095
14.000000	11.500000	-81.091256
15.000000	11.500000	-84.749141
16.000000	11.500000	-85.130717

Height = 1.000000

X		Y		PL(dB)
5.000000	2.000000	-59.691871
6.000000	2.000000	-64.304888
7.000000	2.000000	-67.711533
8.000000	2.000000	-71.570425
9.000000	2.000000	-75.659943
10.000000	2.000000	-77.683366
11.000000	2.000000	-82.514589
12.000000	2.000000	-81.888173
13.000000	2.000000	-85.465156
14.000000	2.000000	-87.556479
15.000000	2.000000	-88.886199
16.000000	2.000000	-91.187374
5.000000	3.000000	-57.963074
6.000000	3.000000	-63.966632
7.000000	3.000000	-65.097936
8.000000	3.000000	-68.587963
9.000000	3.000000	-71.022571
10.000000	3.000000	-72.679474
11.000000	3.000000	-74.192200
12.000000	3.000000	-78.480319
13.000000	3.000000	-75.377625
14.000000	3.000000	-82.665869
15.000000	3.000000	-83.831908
16.000000	3.000000	-86.282231
5.000000	4.000000	-59.328508
6.000000	4.000000	-63.840308
7.000000	4.000000	-65.744696
8.000000	4.000000	-70.606454
9.000000	4.000000	-73.410127
10.000000	4.000000	-75.722429
11.000000	4.000000	-77.619961
12.000000	4.000000	-76.166170
13.000000	4.000000	-80.723385
14.000000	4.000000	-82.731743
15.000000	4.000000	-83.986412
16.000000	4.000000	-85.659419
5.000000	5.000000	-58.611379
6.000000	5.000000	-64.858697
7.000000	5.000000	-67.411660
8.000000	5.000000	-71.474122
9.000000	5.000000	-76.096017
10.000000	5.000000	-77.580307
11.000000	5.000000	-79.562798
12.000000	5.000000	-79.788506
13.000000	5.000000	-83.598922
14.000000	5.000000	-84.201767
15.000000	5.000000	-84.561686
16.000000	5.000000	-86.095892
5.000000	6.000000	-55.202387
6.000000	6.000000	-59.398953
7.000000	6.000000	-64.304206
8.000000	6.000000	-69.982867
9.000000	6.000000	-73.506100
10.000000	6.000000	-77.413175
11.000000	6.000000	-79.388002
12.000000	6.000000	-82.484803
13.000000	6.000000	-84.127653
14.000000	6.000000	-85.251014
15.000000	6.000000	-86.506960
16.000000	6.000000	-87.130548
5.000000	7.000000	-56.182453
6.000000	7.000000	-58.211525
7.000000	7.000000	-61.954686
8.000000	7.000000	-66.462782
9.000000	7.000000	-69.319642
10.000000	7.000000	-72.945546
11.000000	7.000000	-76.822028
12.000000	7.000000	-80.743148
13.000000	7.000000	-82.697901
14.000000	7.000000	-84.342694
15.000000	7.000000	-86.441497
16.000000	7.000000	-93.182138
5.000000	8.000000	-59.962855
6.000000	8.000000	-59.029366
7.000000	8.000000	-61.331973
8.000000	8.000000	-64.051555
9.000000	8.000000	-68.102546
10.000000	8.000000	-70.306334
11.000000	8.000000	-74.502240
12.000000	8.000000	-77.314110
13.000000	8.000000	-80.133130
14.000000	8.000000	-82.834731
15.000000	8.000000	-84.999959
16.000000	8.000000	-87.645249
5.000000	9.000000	-63.333277
6.000000	9.000000	-62.587025
7.000000	9.000000	-62.895524
8.000000	9.000000	-65.951791
9.000000	9.000000	-66.176202
10.000000	9.000000	-70.001016
11.000000	9.000000	-73.604539
12.000000	9.000000	-75.356038
13.000000	9.000000	-79.923642
14.000000	9.000000	-79.143537
15.000000	9.000000	-84.280426
16.000000	9.000000	-85.624985
5.000000	10.000000	-66.143749
6.000000	10.000000	-65.635218
7.000000	10.000000	-64.446956
8.000000	10.000000	-65.063425
9.000000	10.000000	-67.266013
10.000000	10.000000	-71.261999
11.000000	10.000000	-72.819683
12.000000	10.000000	-75.362325
13.000000	10.000000	-76.232114
14.000000	10.000000	-77.818124
15.000000	10.000000	-82.493472
16.000000	10.000000	-84.110193
5.000000	11.000000	-69.214295
6.000000	11.000000	-69.490636
7.000000	11.000000	-68.235911
8.000000	11.000000	-67.471656
9.000000	11.000000	-65.917444
10.000000	11.000000	-70.062841
11.000000	11.000000	-74.261371
12.000000	11.000000	-75.813140
13.000000	11.000000	-76.461115
14.000000	11.000000	-75.712119
15.000000	11.000000	-80.352787
16.000000	11.000000	-81.972726
5.000000	11.500000	-72.317583
6.000000	11.500000	-71.980649
7.000000	11.500000	-70.490010
8.000000	11.500000	-70.295136
9.000000	11.500000	-68.240299
10.000000	11.500000	-71.362988
11.000000	11.500000	-72.386733
12.000000	11.500000	-75.065299
13.000000	11.500000	-77.337249
14.000000	11.500000	-76.012052
15.000000	11.500000	-79.310160
16.000000	11.500000	-81.215598

Height = 1.500000

X		Y		PL(dB)
5.000000	2.000000	-57.852737
6.000000	2.000000	-63.526010
7.000000	2.000000	-67.854436
8.000000	2.000000	-69.846429
9.000000	2.000000	-74.255555
10.000000	2.000000	-76.166183
11.000000	2.000000	-79.874252
12.000000	2.000000	-80.858920
13.000000	2.000000	-82.653694
14.000000	2.000000	-83.786207
15.000000	2.000000	-85.605134
16.000000	2.000000	-89.662601
5.000000	3.000000	-61.719667
6.000000	3.000000	-64.581609
7.000000	3.000000	-66.799989
8.000000	3.000000	-68.323917
9.000000	3.000000	-70.046840
10.000000	3.000000	-71.541600
11.000000	3.000000	-72.773356
12.000000	3.000000	-74.843408
13.000000	3.000000	-77.669210
14.000000	3.000000	-79.400065
15.000000	3.000000	-81.858532
16.000000	3.000000	-84.114709
5.000000	4.000000	-58.480272
6.000000	4.000000	-63.273439
7.000000	4.000000	-66.889968
8.000000	4.000000	-68.674271
9.000000	4.000000	-71.689915
10.000000	4.000000	-73.049222
11.000000	4.000000	-75.167908
12.000000	4.000000	-75.983257
13.000000	4.000000	-77.050448
14.000000	4.000000	-79.321781
15.000000	4.000000	-80.810318
16.000000	4.000000	-83.248624
5.000000	5.000000	-60.110818
6.000000	5.000000	-63.994876
7.000000	5.000000	-67.772083
8.000000	5.000000	-70.861527
9.000000	5.000000	-73.667472
10.000000	5.000000	-74.974666
11.000000	5.000000	-77.213207
12.000000	5.000000	-78.091922
13.000000	5.000000	-79.578138
14.000000	5.000000	-81.326406
15.000000	5.000000	-81.723215
16.000000	5.000000	-83.878697
5.000000	6.000000	-53.355688
6.000000	6.000000	-61.337088
7.000000	6.000000	-64.572170
8.000000	6.000000	-68.053075
9.000000	6.000000	-71.765685
10.000000	6.000000	-75.488381
11.000000	6.000000	-77.973857
12.000000	6.000000	-78.313215
13.000000	6.000000	-80.388449
14.000000	6.000000	-81.507988
15.000000	6.000000	-83.273528
16.000000	6.000000	-83.860442
5.000000	7.000000	-57.459598
6.000000	7.000000	-60.406137
7.000000	7.000000	-63.231305
8.000000	7.000000	-65.642410
9.000000	7.000000	-68.655678
10.000000	7.000000	-71.898800
11.000000	7.000000	-75.223421
12.000000	7.000000	-77.817228
13.000000	7.000000	-79.458236
14.000000	7.000000	-80.844503
15.000000	7.000000	-82.838985
16.000000	7.000000	-89.167162
5.000000	8.000000	-61.469265
6.000000	8.000000	-59.813231
7.000000	8.000000	-61.105714
8.000000	8.000000	-64.410662
9.000000	8.000000	-66.901035
10.000000	8.000000	-69.862361
11.000000	8.000000	-71.994296
12.000000	8.000000	-73.891188
13.000000	8.000000	-76.682412
14.000000	8.000000	-79.647843
15.000000	8.000000	-81.747411
16.000000	8.000000	-85.280629
5.000000	9.000000	-63.142401
6.000000	9.000000	-63.966326
7.000000	9.000000	-61.690493
8.000000	9.000000	-63.627507
9.000000	9.000000	-65.784023
10.000000	9.000000	-68.677339
11.000000	9.000000	-71.715736
12.000000	9.000000	-72.537119
13.000000	9.000000	-76.692096
14.000000	9.000000	-78.802983
15.000000	9.000000	-81.030886
16.000000	9.000000	-82.822893
5.000000	10.000000	-65.699637
6.000000	10.000000	-65.047141
7.000000	10.000000	-64.194721
8.000000	10.000000	-65.433660
9.000000	10.000000	-67.564507
10.000000	10.000000	-68.863121
11.000000	10.000000	-70.523092
12.000000	10.000000	-72.794828
13.000000	10.000000	-73.670106
14.000000	10.000000	-76.176886
15.000000	10.000000	-79.151391
16.000000	10.000000	-82.400017
5.000000	11.000000	-68.044323
6.000000	11.000000	-68.602131
7.000000	11.000000	-67.030613
8.000000	11.000000	-66.288123
9.000000	11.000000	-67.178158
10.000000	11.000000	-68.522483
11.000000	11.000000	-70.934533
12.000000	11.000000	-72.552221
13.000000	11.000000	-73.648073
14.000000	11.000000	-75.421586
15.000000	11.000000	-77.236183
16.000000	11.000000	-80.457609
5.000000	11.500000	-70.772487
6.000000	11.500000	-69.401834
7.000000	11.500000	-68.820607
8.000000	11.500000	-68.387046
9.000000	11.500000	-68.625290
10.000000	11.500000	-68.427174
11.000000	11.500000	-71.838785
12.000000	11.500000	-72.729891
13.000000	11.500000	-73.425968
14.000000	11.500000	-75.567826
15.000000	11.500000	-77.535736
16.000000	11.500000	-79.062038
