Event based TLM
Project: RM219_parallel_140_1e-2
Fri Apr 24 02:50:12 2009


Grid Analysis - 12 x 11 x 3 samples

Height = 0.500000

X		Y		PL(dB)
5.000000	2.000000	-57.364156
6.000000	2.000000	-64.389832
7.000000	2.000000	-68.937190
8.000000	2.000000	-74.089965
9.000000	2.000000	-76.597740
10.000000	2.000000	-76.866939
11.000000	2.000000	-81.500879
12.000000	2.000000	-82.663188
13.000000	2.000000	-84.577437
14.000000	2.000000	-86.628593
15.000000	2.000000	-87.649383
16.000000	2.000000	-86.511605
5.000000	3.000000	-59.362558
6.000000	3.000000	-62.818863
7.000000	3.000000	-66.190872
8.000000	3.000000	-73.011135
9.000000	3.000000	-75.974624
10.000000	3.000000	-78.608920
11.000000	3.000000	-78.519412
12.000000	3.000000	-78.508123
13.000000	3.000000	-79.408322
14.000000	3.000000	-84.384822
15.000000	3.000000	-84.783411
16.000000	3.000000	-85.903311
5.000000	4.000000	-63.719830
6.000000	4.000000	-64.557261
7.000000	4.000000	-72.009093
8.000000	4.000000	-73.080562
9.000000	4.000000	-74.383062
10.000000	4.000000	-79.578609
11.000000	4.000000	-80.945426
12.000000	4.000000	-79.830589
13.000000	4.000000	-84.616011
14.000000	4.000000	-86.354816
15.000000	4.000000	-86.903256
16.000000	4.000000	-85.869722
5.000000	5.000000	-60.329543
6.000000	5.000000	-66.830433
7.000000	5.000000	-68.808845
8.000000	5.000000	-73.696105
9.000000	5.000000	-76.391213
10.000000	5.000000	-76.808627
11.000000	5.000000	-77.821015
12.000000	5.000000	-80.263519
13.000000	5.000000	-84.379476
14.000000	5.000000	-86.944831
15.000000	5.000000	-88.198664
16.000000	5.000000	-89.262187
5.000000	6.000000	-67.300250
6.000000	6.000000	-62.990242
7.000000	6.000000	-68.558393
8.000000	6.000000	-73.146183
9.000000	6.000000	-74.042538
10.000000	6.000000	-75.071142
11.000000	6.000000	-76.173423
12.000000	6.000000	-77.779452
13.000000	6.000000	-80.596539
14.000000	6.000000	-83.356006
15.000000	6.000000	-87.391316
16.000000	6.000000	-86.690832
5.000000	7.000000	-60.266038
6.000000	7.000000	-58.483740
7.000000	7.000000	-59.178455
8.000000	7.000000	-67.138899
9.000000	7.000000	-72.350345
10.000000	7.000000	-74.260234
11.000000	7.000000	-75.381997
12.000000	7.000000	-78.247318
13.000000	7.000000	-80.755912
14.000000	7.000000	-84.317654
15.000000	7.000000	-85.014493
16.000000	7.000000	-90.225306
5.000000	8.000000	-61.189132
6.000000	8.000000	-54.191839
7.000000	8.000000	-55.280871
8.000000	8.000000	-63.685587
9.000000	8.000000	-72.149164
10.000000	8.000000	-71.724340
11.000000	8.000000	-74.649923
12.000000	8.000000	-74.457387
13.000000	8.000000	-77.417481
14.000000	8.000000	-82.889412
15.000000	8.000000	-85.735435
16.000000	8.000000	-87.017718
5.000000	9.000000	-66.021811
6.000000	9.000000	-64.522524
7.000000	9.000000	-60.660686
8.000000	9.000000	-61.817669
9.000000	9.000000	-67.284487
10.000000	9.000000	-74.127384
11.000000	9.000000	-75.111169
12.000000	9.000000	-75.673491
13.000000	9.000000	-77.130048
14.000000	9.000000	-78.346901
15.000000	9.000000	-83.922328
16.000000	9.000000	-87.311032
5.000000	10.000000	-71.613805
6.000000	10.000000	-69.865228
7.000000	10.000000	-68.423546
8.000000	10.000000	-64.898171
9.000000	10.000000	-64.289644
10.000000	10.000000	-71.351999
11.000000	10.000000	-73.156634
12.000000	10.000000	-74.976415
13.000000	10.000000	-78.030190
14.000000	10.000000	-78.391720
15.000000	10.000000	-83.468828
16.000000	10.000000	-85.647642
5.000000	11.000000	-73.589109
6.000000	11.000000	-71.322677
7.000000	11.000000	-69.376767
8.000000	11.000000	-66.855381
9.000000	11.000000	-65.936644
10.000000	11.000000	-67.275552
11.000000	11.000000	-72.327796
12.000000	11.000000	-76.169915
13.000000	11.000000	-76.490875
14.000000	11.000000	-77.216214
15.000000	11.000000	-83.329274
16.000000	11.000000	-86.529285
5.000000	11.500000	-76.457605
6.000000	11.500000	-73.457219
7.000000	11.500000	-72.741401
8.000000	11.500000	-71.843901
9.000000	11.500000	-69.984545
10.000000	11.500000	-68.610893
11.000000	11.500000	-71.225143
12.000000	11.500000	-74.617543
13.000000	11.500000	-74.617860
14.000000	11.500000	-75.891979
15.000000	11.500000	-81.228296
16.000000	11.500000	-83.843138

Height = 1.000000

X		Y		PL(dB)
5.000000	2.000000	-63.325824
6.000000	2.000000	-64.373896
7.000000	2.000000	-68.737781
8.000000	2.000000	-71.110229
9.000000	2.000000	-74.830413
10.000000	2.000000	-78.179671
11.000000	2.000000	-81.025079
12.000000	2.000000	-82.393168
13.000000	2.000000	-83.533992
14.000000	2.000000	-86.316878
15.000000	2.000000	-88.106328
16.000000	2.000000	-88.953415
5.000000	3.000000	-61.505221
6.000000	3.000000	-65.574271
7.000000	3.000000	-67.890081
8.000000	3.000000	-69.835452
9.000000	3.000000	-71.846896
10.000000	3.000000	-73.572615
11.000000	3.000000	-74.636649
12.000000	3.000000	-78.422625
13.000000	3.000000	-82.532575
14.000000	3.000000	-84.154194
15.000000	3.000000	-86.223679
16.000000	3.000000	-88.631032
5.000000	4.000000	-61.324795
6.000000	4.000000	-61.966289
7.000000	4.000000	-72.199283
8.000000	4.000000	-69.898546
9.000000	4.000000	-75.451646
10.000000	4.000000	-78.212796
11.000000	4.000000	-83.015522
12.000000	4.000000	-81.045561
13.000000	4.000000	-84.821713
14.000000	4.000000	-86.473654
15.000000	4.000000	-86.464872
16.000000	4.000000	-87.519767
5.000000	5.000000	-64.313297
6.000000	5.000000	-65.786668
7.000000	5.000000	-68.967622
8.000000	5.000000	-72.671301
9.000000	5.000000	-72.580746
10.000000	5.000000	-73.467651
11.000000	5.000000	-77.127380
12.000000	5.000000	-77.702445
13.000000	5.000000	-82.336498
14.000000	5.000000	-82.538820
15.000000	5.000000	-86.519744
16.000000	5.000000	-87.803299
5.000000	6.000000	-59.774190
6.000000	6.000000	-58.455667
7.000000	6.000000	-66.480826
8.000000	6.000000	-71.965743
9.000000	6.000000	-71.687358
10.000000	6.000000	-76.055562
11.000000	6.000000	-77.369954
12.000000	6.000000	-82.237335
13.000000	6.000000	-85.751964
14.000000	6.000000	-87.418440
15.000000	6.000000	-88.785397
16.000000	6.000000	-89.820051
5.000000	7.000000	-55.917678
6.000000	7.000000	-52.195138
7.000000	7.000000	-61.907848
8.000000	7.000000	-66.322844
9.000000	7.000000	-70.041922
10.000000	7.000000	-73.601491
11.000000	7.000000	-74.826976
12.000000	7.000000	-79.450631
13.000000	7.000000	-82.562448
14.000000	7.000000	-85.880732
15.000000	7.000000	-86.858312
16.000000	7.000000	-89.803057
5.000000	8.000000	-58.865114
6.000000	8.000000	-55.589134
7.000000	8.000000	-59.836987
8.000000	8.000000	-64.156763
9.000000	8.000000	-69.314502
10.000000	8.000000	-71.533659
11.000000	8.000000	-74.826360
12.000000	8.000000	-78.294894
13.000000	8.000000	-82.403511
14.000000	8.000000	-85.931605
15.000000	8.000000	-87.055740
16.000000	8.000000	-87.731003
5.000000	9.000000	-66.951818
6.000000	9.000000	-64.757510
7.000000	9.000000	-59.285570
8.000000	9.000000	-61.586661
9.000000	9.000000	-64.713327
10.000000	9.000000	-72.201731
11.000000	9.000000	-73.928289
12.000000	9.000000	-77.791139
13.000000	9.000000	-81.608723
14.000000	9.000000	-81.464625
15.000000	9.000000	-84.853517
16.000000	9.000000	-86.970277
5.000000	10.000000	-69.551529
6.000000	10.000000	-67.681981
7.000000	10.000000	-67.089826
8.000000	10.000000	-64.244972
9.000000	10.000000	-66.002526
10.000000	10.000000	-71.040701
11.000000	10.000000	-72.870283
12.000000	10.000000	-77.720993
13.000000	10.000000	-80.208341
14.000000	10.000000	-81.632897
15.000000	10.000000	-85.625287
16.000000	10.000000	-86.602543
5.000000	11.000000	-72.447473
6.000000	11.000000	-70.857270
7.000000	11.000000	-68.922939
8.000000	11.000000	-68.106939
9.000000	11.000000	-65.793199
10.000000	11.000000	-68.583500
11.000000	11.000000	-71.139782
12.000000	11.000000	-76.046663
13.000000	11.000000	-77.708551
14.000000	11.000000	-81.563812
15.000000	11.000000	-85.677354
16.000000	11.000000	-85.473146
5.000000	11.500000	-72.898633
6.000000	11.500000	-71.861108
7.000000	11.500000	-70.929675
8.000000	11.500000	-70.863803
9.000000	11.500000	-68.323264
10.000000	11.500000	-66.324487
11.000000	11.500000	-71.810219
12.000000	11.500000	-75.012619
13.000000	11.500000	-77.900220
14.000000	11.500000	-77.594970
15.000000	11.500000	-82.548173
16.000000	11.500000	-83.551306

Height = 1.500000

X		Y		PL(dB)
5.000000	2.000000	-58.770287
6.000000	2.000000	-64.364058
7.000000	2.000000	-70.302794
8.000000	2.000000	-73.042820
9.000000	2.000000	-72.754886
10.000000	2.000000	-76.543076
11.000000	2.000000	-79.582291
12.000000	2.000000	-82.238792
13.000000	2.000000	-84.847250
14.000000	2.000000	-85.098641
15.000000	2.000000	-87.533135
16.000000	2.000000	-87.867007
5.000000	3.000000	-60.488684
6.000000	3.000000	-63.173828
7.000000	3.000000	-69.383885
8.000000	3.000000	-71.904607
9.000000	3.000000	-76.990671
10.000000	3.000000	-78.068275
11.000000	3.000000	-80.309873
12.000000	3.000000	-81.531013
13.000000	3.000000	-83.641675
14.000000	3.000000	-85.420849
15.000000	3.000000	-86.705607
16.000000	3.000000	-86.975664
5.000000	4.000000	-60.330974
6.000000	4.000000	-65.831244
7.000000	4.000000	-66.413327
8.000000	4.000000	-69.197191
9.000000	4.000000	-71.026154
10.000000	4.000000	-72.777796
11.000000	4.000000	-76.229238
12.000000	4.000000	-76.934716
13.000000	4.000000	-83.108767
14.000000	4.000000	-84.228951
15.000000	4.000000	-85.540154
16.000000	4.000000	-85.457862
5.000000	5.000000	-59.502470
6.000000	5.000000	-63.340204
7.000000	5.000000	-67.670680
8.000000	5.000000	-70.223921
9.000000	5.000000	-74.226999
10.000000	5.000000	-76.599585
11.000000	5.000000	-79.929219
12.000000	5.000000	-82.648753
13.000000	5.000000	-85.523871
14.000000	5.000000	-83.295175
15.000000	5.000000	-87.643124
16.000000	5.000000	-87.443514
5.000000	6.000000	-55.725650
6.000000	6.000000	-57.217030
7.000000	6.000000	-64.214201
8.000000	6.000000	-68.265534
9.000000	6.000000	-69.943158
10.000000	6.000000	-73.986296
11.000000	6.000000	-75.205039
12.000000	6.000000	-79.977712
13.000000	6.000000	-85.183052
14.000000	6.000000	-86.823375
15.000000	6.000000	-88.732469
16.000000	6.000000	-88.991122
5.000000	7.000000	-50.562911
6.000000	7.000000	-54.677943
7.000000	7.000000	-63.856955
8.000000	7.000000	-67.920353
9.000000	7.000000	-69.905320
10.000000	7.000000	-74.663199
11.000000	7.000000	-77.374757
12.000000	7.000000	-79.543637
13.000000	7.000000	-80.858935
14.000000	7.000000	-82.553955
15.000000	7.000000	-85.840295
16.000000	7.000000	-90.020943
5.000000	8.000000	-60.707271
6.000000	8.000000	-57.944239
7.000000	8.000000	-59.758529
8.000000	8.000000	-65.886446
9.000000	8.000000	-70.263813
10.000000	8.000000	-73.205791
11.000000	8.000000	-77.013023
12.000000	8.000000	-79.833291
13.000000	8.000000	-82.023240
14.000000	8.000000	-82.436317
15.000000	8.000000	-84.930080
16.000000	8.000000	-86.327866
5.000000	9.000000	-66.129697
6.000000	9.000000	-64.558159
7.000000	9.000000	-61.419215
8.000000	9.000000	-62.884807
9.000000	9.000000	-65.819939
10.000000	9.000000	-72.399000
11.000000	9.000000	-75.862170
12.000000	9.000000	-78.536781
13.000000	9.000000	-80.605663
14.000000	9.000000	-82.165478
15.000000	9.000000	-83.922829
16.000000	9.000000	-85.574884
5.000000	10.000000	-70.612070
6.000000	10.000000	-68.057095
7.000000	10.000000	-66.737269
8.000000	10.000000	-65.528584
9.000000	10.000000	-67.831551
10.000000	10.000000	-72.357965
11.000000	10.000000	-74.859779
12.000000	10.000000	-78.207473
13.000000	10.000000	-80.805482
14.000000	10.000000	-81.882542
15.000000	10.000000	-83.604499
16.000000	10.000000	-83.228234
5.000000	11.000000	-72.587874
6.000000	11.000000	-71.487374
7.000000	11.000000	-70.235520
8.000000	11.000000	-69.491741
9.000000	11.000000	-68.838801
10.000000	11.000000	-67.670254
11.000000	11.000000	-74.483175
12.000000	11.000000	-77.568102
13.000000	11.000000	-80.200366
14.000000	11.000000	-80.954839
15.000000	11.000000	-83.022976
16.000000	11.000000	-84.549805
5.000000	11.500000	-71.952188
6.000000	11.500000	-72.372838
7.000000	11.500000	-70.538671
8.000000	11.500000	-70.859563
9.000000	11.500000	-67.865579
10.000000	11.500000	-66.535790
11.000000	11.500000	-73.150079
12.000000	11.500000	-75.315366
13.000000	11.500000	-77.379839
14.000000	11.500000	-78.997676
15.000000	11.500000	-81.141875
16.000000	11.500000	-81.974263
