Event based TLM
Project: RM219_parallel_150_1e-2
Fri Apr 24 03:40:53 2009


Grid Analysis - 12 x 11 x 3 samples

Height = 0.500000

X		Y		PL(dB)
5.000000	2.000000	-59.006997
6.000000	2.000000	-65.623106
7.000000	2.000000	-69.256199
8.000000	2.000000	-76.993547
9.000000	2.000000	-78.336072
10.000000	2.000000	-77.060679
11.000000	2.000000	-81.170530
12.000000	2.000000	-82.289769
13.000000	2.000000	-84.437045
14.000000	2.000000	-85.627686
15.000000	2.000000	-87.532254
16.000000	2.000000	-85.479407
5.000000	3.000000	-59.382032
6.000000	3.000000	-62.734568
7.000000	3.000000	-69.631270
8.000000	3.000000	-71.911073
9.000000	3.000000	-76.420064
10.000000	3.000000	-75.728570
11.000000	3.000000	-75.791189
12.000000	3.000000	-77.932821
13.000000	3.000000	-81.148820
14.000000	3.000000	-84.133922
15.000000	3.000000	-86.326702
16.000000	3.000000	-86.127923
5.000000	4.000000	-65.029547
6.000000	4.000000	-68.158187
7.000000	4.000000	-71.367818
8.000000	4.000000	-72.894862
9.000000	4.000000	-74.139376
10.000000	4.000000	-76.789353
11.000000	4.000000	-80.970215
12.000000	4.000000	-78.787281
13.000000	4.000000	-83.529329
14.000000	4.000000	-85.836569
15.000000	4.000000	-87.054188
16.000000	4.000000	-86.725331
5.000000	5.000000	-63.597829
6.000000	5.000000	-68.592128
7.000000	5.000000	-69.578909
8.000000	5.000000	-71.225181
9.000000	5.000000	-76.077587
10.000000	5.000000	-76.457324
11.000000	5.000000	-78.667050
12.000000	5.000000	-81.209207
13.000000	5.000000	-85.364472
14.000000	5.000000	-88.424232
15.000000	5.000000	-89.473122
16.000000	5.000000	-87.782969
5.000000	6.000000	-64.474630
6.000000	6.000000	-63.303912
7.000000	6.000000	-66.567132
8.000000	6.000000	-71.488628
9.000000	6.000000	-74.894347
10.000000	6.000000	-75.787309
11.000000	6.000000	-76.688623
12.000000	6.000000	-77.994554
13.000000	6.000000	-80.166180
14.000000	6.000000	-84.070320
15.000000	6.000000	-84.136179
16.000000	6.000000	-87.558715
5.000000	7.000000	-61.628616
6.000000	7.000000	-57.460030
7.000000	7.000000	-60.524782
8.000000	7.000000	-67.220129
9.000000	7.000000	-71.621485
10.000000	7.000000	-73.866252
11.000000	7.000000	-75.354706
12.000000	7.000000	-78.097100
13.000000	7.000000	-80.761307
14.000000	7.000000	-83.665650
15.000000	7.000000	-87.142052
16.000000	7.000000	-91.122713
5.000000	8.000000	-60.019530
6.000000	8.000000	-56.553198
7.000000	8.000000	-55.366336
8.000000	8.000000	-63.901580
9.000000	8.000000	-68.433730
10.000000	8.000000	-71.575592
11.000000	8.000000	-74.572181
12.000000	8.000000	-75.516688
13.000000	8.000000	-79.825349
14.000000	8.000000	-83.067646
15.000000	8.000000	-88.076287
16.000000	8.000000	-91.000263
5.000000	9.000000	-69.024494
6.000000	9.000000	-64.140134
7.000000	9.000000	-63.201784
8.000000	9.000000	-61.205530
9.000000	9.000000	-67.840000
10.000000	9.000000	-71.823899
11.000000	9.000000	-74.372604
12.000000	9.000000	-76.431582
13.000000	9.000000	-78.858967
14.000000	9.000000	-79.923140
15.000000	9.000000	-85.225894
16.000000	9.000000	-88.505943
5.000000	10.000000	-72.102454
6.000000	10.000000	-70.380068
7.000000	10.000000	-67.732900
8.000000	10.000000	-64.666353
9.000000	10.000000	-66.188490
10.000000	10.000000	-71.161490
11.000000	10.000000	-72.518630
12.000000	10.000000	-75.294569
13.000000	10.000000	-78.053798
14.000000	10.000000	-79.797018
15.000000	10.000000	-83.765900
16.000000	10.000000	-85.842810
5.000000	11.000000	-74.710108
6.000000	11.000000	-73.564246
7.000000	11.000000	-69.995912
8.000000	11.000000	-68.219010
9.000000	11.000000	-64.864573
10.000000	11.000000	-68.599530
11.000000	11.000000	-71.212107
12.000000	11.000000	-74.846188
13.000000	11.000000	-76.193161
14.000000	11.000000	-78.081885
15.000000	11.000000	-83.787159
16.000000	11.000000	-86.569087
5.000000	11.500000	-75.942049
6.000000	11.500000	-73.787446
7.000000	11.500000	-71.830339
8.000000	11.500000	-71.507307
9.000000	11.500000	-67.732645
10.000000	11.500000	-66.025011
11.000000	11.500000	-70.674594
12.000000	11.500000	-74.577165
13.000000	11.500000	-75.008623
14.000000	11.500000	-76.440452
15.000000	11.500000	-81.256260
16.000000	11.500000	-83.360072

Height = 1.000000

X		Y		PL(dB)
5.000000	2.000000	-63.391673
6.000000	2.000000	-64.854540
7.000000	2.000000	-69.375336
8.000000	2.000000	-70.115975
9.000000	2.000000	-75.146822
10.000000	2.000000	-78.035654
11.000000	2.000000	-79.699675
12.000000	2.000000	-79.374265
13.000000	2.000000	-83.618416
14.000000	2.000000	-85.169014
15.000000	2.000000	-87.759139
16.000000	2.000000	-89.235836
5.000000	3.000000	-61.260433
6.000000	3.000000	-62.803720
7.000000	3.000000	-68.137920
8.000000	3.000000	-69.364091
9.000000	3.000000	-72.524368
10.000000	3.000000	-74.515899
11.000000	3.000000	-76.021495
12.000000	3.000000	-80.218720
13.000000	3.000000	-82.647687
14.000000	3.000000	-83.611965
15.000000	3.000000	-87.145799
16.000000	3.000000	-86.407616
5.000000	4.000000	-66.649131
6.000000	4.000000	-66.874434
7.000000	4.000000	-69.722200
8.000000	4.000000	-71.709613
9.000000	4.000000	-76.732050
10.000000	4.000000	-79.959680
11.000000	4.000000	-81.710658
12.000000	4.000000	-82.236660
13.000000	4.000000	-84.830143
14.000000	4.000000	-86.492458
15.000000	4.000000	-86.964143
16.000000	4.000000	-87.178299
5.000000	5.000000	-66.406042
6.000000	5.000000	-64.321310
7.000000	5.000000	-68.568706
8.000000	5.000000	-71.722479
9.000000	5.000000	-73.169264
10.000000	5.000000	-72.383203
11.000000	5.000000	-75.192444
12.000000	5.000000	-78.294909
13.000000	5.000000	-81.013151
14.000000	5.000000	-82.561155
15.000000	5.000000	-88.117801
16.000000	5.000000	-88.010827
5.000000	6.000000	-58.446678
6.000000	6.000000	-57.927142
7.000000	6.000000	-66.506916
8.000000	6.000000	-66.984684
9.000000	6.000000	-72.996961
10.000000	6.000000	-76.251279
11.000000	6.000000	-79.872530
12.000000	6.000000	-81.726164
13.000000	6.000000	-85.601110
14.000000	6.000000	-87.687236
15.000000	6.000000	-88.648619
16.000000	6.000000	-90.022681
5.000000	7.000000	-55.253533
6.000000	7.000000	-52.562392
7.000000	7.000000	-60.397755
8.000000	7.000000	-66.647766
9.000000	7.000000	-69.554641
10.000000	7.000000	-73.825501
11.000000	7.000000	-76.189309
12.000000	7.000000	-77.309912
13.000000	7.000000	-83.755591
14.000000	7.000000	-83.698399
15.000000	7.000000	-88.080246
16.000000	7.000000	-90.012672
5.000000	8.000000	-57.800521
6.000000	8.000000	-56.098881
7.000000	8.000000	-58.604959
8.000000	8.000000	-63.446767
9.000000	8.000000	-69.160495
10.000000	8.000000	-72.416874
11.000000	8.000000	-75.051114
12.000000	8.000000	-79.534016
13.000000	8.000000	-83.155462
14.000000	8.000000	-85.260688
15.000000	8.000000	-86.581887
16.000000	8.000000	-87.956059
5.000000	9.000000	-67.686790
6.000000	9.000000	-65.408830
7.000000	9.000000	-60.009005
8.000000	9.000000	-62.306784
9.000000	9.000000	-64.321803
10.000000	9.000000	-70.671873
11.000000	9.000000	-73.794644
12.000000	9.000000	-78.385995
13.000000	9.000000	-81.343669
14.000000	9.000000	-82.318396
15.000000	9.000000	-85.555478
16.000000	9.000000	-87.238174
5.000000	10.000000	-70.178107
6.000000	10.000000	-68.449910
7.000000	10.000000	-66.939329
8.000000	10.000000	-65.205824
9.000000	10.000000	-65.917813
10.000000	10.000000	-71.253005
11.000000	10.000000	-73.703191
12.000000	10.000000	-77.022372
13.000000	10.000000	-79.797768
14.000000	10.000000	-80.828708
15.000000	10.000000	-85.915024
16.000000	10.000000	-86.576453
5.000000	11.000000	-73.396107
6.000000	11.000000	-71.242236
7.000000	11.000000	-68.938298
8.000000	11.000000	-68.209004
9.000000	11.000000	-65.383520
10.000000	11.000000	-68.912910
11.000000	11.000000	-72.432357
12.000000	11.000000	-76.249126
13.000000	11.000000	-78.688786
14.000000	11.000000	-81.223656
15.000000	11.000000	-85.546489
16.000000	11.000000	-85.637742
5.000000	11.500000	-74.777624
6.000000	11.500000	-72.136136
7.000000	11.500000	-69.420313
8.000000	11.500000	-70.193273
9.000000	11.500000	-67.981041
10.000000	11.500000	-65.128819
11.000000	11.500000	-72.020303
12.000000	11.500000	-75.969724
13.000000	11.500000	-77.159106
14.000000	11.500000	-77.241868
15.000000	11.500000	-82.315519
16.000000	11.500000	-83.911133

Height = 1.500000

X		Y		PL(dB)
5.000000	2.000000	-56.827874
6.000000	2.000000	-66.213244
7.000000	2.000000	-71.361028
8.000000	2.000000	-71.772044
9.000000	2.000000	-72.019196
10.000000	2.000000	-75.389579
11.000000	2.000000	-79.618245
12.000000	2.000000	-81.992711
13.000000	2.000000	-86.216973
14.000000	2.000000	-86.985542
15.000000	2.000000	-86.978637
16.000000	2.000000	-87.851770
5.000000	3.000000	-60.557640
6.000000	3.000000	-65.940851
7.000000	3.000000	-70.203046
8.000000	3.000000	-72.477207
9.000000	3.000000	-76.709169
10.000000	3.000000	-78.461290
11.000000	3.000000	-79.384637
12.000000	3.000000	-81.004829
13.000000	3.000000	-83.716717
14.000000	3.000000	-85.697967
15.000000	3.000000	-85.268478
16.000000	3.000000	-86.233313
5.000000	4.000000	-63.650430
6.000000	4.000000	-64.541004
7.000000	4.000000	-65.203535
8.000000	4.000000	-68.160959
9.000000	4.000000	-70.295963
10.000000	4.000000	-73.511235
11.000000	4.000000	-78.524885
12.000000	4.000000	-77.644051
13.000000	4.000000	-83.668320
14.000000	4.000000	-84.689543
15.000000	4.000000	-86.253539
16.000000	4.000000	-86.285565
5.000000	5.000000	-59.051656
6.000000	5.000000	-63.493141
7.000000	5.000000	-64.779513
8.000000	5.000000	-70.898979
9.000000	5.000000	-73.988031
10.000000	5.000000	-76.002081
11.000000	5.000000	-81.655719
12.000000	5.000000	-82.368277
13.000000	5.000000	-81.520234
14.000000	5.000000	-85.655167
15.000000	5.000000	-87.458918
16.000000	5.000000	-86.855589
5.000000	6.000000	-55.260257
6.000000	6.000000	-57.258208
7.000000	6.000000	-63.978476
8.000000	6.000000	-67.792070
9.000000	6.000000	-71.293005
10.000000	6.000000	-73.756617
11.000000	6.000000	-76.486007
12.000000	6.000000	-79.919285
13.000000	6.000000	-85.951568
14.000000	6.000000	-86.772294
15.000000	6.000000	-88.829666
16.000000	6.000000	-89.359601
5.000000	7.000000	-50.542994
6.000000	7.000000	-54.055384
7.000000	7.000000	-63.522004
8.000000	7.000000	-67.718993
9.000000	7.000000	-70.605938
10.000000	7.000000	-75.264344
11.000000	7.000000	-78.097429
12.000000	7.000000	-79.837469
13.000000	7.000000	-82.062569
14.000000	7.000000	-84.215420
15.000000	7.000000	-85.357181
16.000000	7.000000	-89.557875
5.000000	8.000000	-60.780642
6.000000	8.000000	-58.135271
7.000000	8.000000	-60.450093
8.000000	8.000000	-66.576233
9.000000	8.000000	-70.351532
10.000000	8.000000	-73.542415
11.000000	8.000000	-77.266039
12.000000	8.000000	-80.171599
13.000000	8.000000	-81.308996
14.000000	8.000000	-83.411685
15.000000	8.000000	-84.766447
16.000000	8.000000	-87.801426
5.000000	9.000000	-65.240717
6.000000	9.000000	-62.940759
7.000000	9.000000	-61.385566
8.000000	9.000000	-62.520139
9.000000	9.000000	-68.405394
10.000000	9.000000	-72.403315
11.000000	9.000000	-75.692111
12.000000	9.000000	-79.359972
13.000000	9.000000	-81.308217
14.000000	9.000000	-82.457165
15.000000	9.000000	-83.767774
16.000000	9.000000	-85.607642
5.000000	10.000000	-70.165350
6.000000	10.000000	-67.880459
7.000000	10.000000	-66.581649
8.000000	10.000000	-65.944001
9.000000	10.000000	-67.429869
10.000000	10.000000	-71.856392
11.000000	10.000000	-74.436883
12.000000	10.000000	-78.372489
13.000000	10.000000	-80.583520
14.000000	10.000000	-82.144938
15.000000	10.000000	-83.651956
16.000000	10.000000	-83.785638
5.000000	11.000000	-71.965586
6.000000	11.000000	-72.138737
7.000000	11.000000	-69.671872
8.000000	11.000000	-68.783138
9.000000	11.000000	-67.593815
10.000000	11.000000	-69.151820
11.000000	11.000000	-73.852669
12.000000	11.000000	-77.030570
13.000000	11.000000	-79.509765
14.000000	11.000000	-80.710264
15.000000	11.000000	-82.740351
16.000000	11.000000	-84.844182
5.000000	11.500000	-71.268296
6.000000	11.500000	-73.467105
7.000000	11.500000	-70.927733
8.000000	11.500000	-70.726244
9.000000	11.500000	-68.581749
10.000000	11.500000	-68.252815
11.000000	11.500000	-73.490315
12.000000	11.500000	-76.295614
13.000000	11.500000	-76.944963
14.000000	11.500000	-78.737959
15.000000	11.500000	-80.847423
16.000000	11.500000	-82.772938
