//
// External Walls
p	0.2		5.00	0.1		1; // conductivity, permittivity, loss/cm, calculate loss
t	0.25;
z	0;

o	0 0 0;
v1	 0   0  0		30   0  3;
v2	30   0  0		30  20  3;
v3	30  20  0		 0  20  3;
v4	 0  20  0		 0   0  3;

//
// Partion Walls
p	0.002	3.00	0.1		1; // conductivity, permittivity, loss/cm, calculate loss
t	0.06;
v1	2.80     0  0		2.80  12.5  3;
v2	5.25  12.5  0		5.25    20  3;
v3	5.25  12.5  0		   0  12.5  3;
v4	2.80   3.5  0		   0   3.5  3;
v5	2.80   6.5  0		   0   6.5  3;
v6	2.80   9.5  0		   0   9.5  3;

o	6 .4 0;
v1	  0    2  0		   0    5  1.3;
v2	  2    2  0		   2    5  1.3;
v3	  4    2  0		   4    5  1.3;
v4	  6    2  0		   6    5  1.3;
v5	  8    2  0		   8    5  1.3;
v6	  0  3.5  0		   2  3.5  1.3;
v7	  2  3.5  0		   4  3.5  1.3;
v8	  4  3.5  0		   6  3.5  1.3;
v9	  6  3.5  0		   8  3.5  1.3;

o	17 .4 0;
v1	  0    2  0		   0    5  1.3;
v2	  2    2  0		   2    5  1.3;
v3	  4    2  0		   4    5  1.3;
v4	  6    2  0		   6    5  1.3;
v5	  0  3.5  0		   2  3.5  1.3;
v6	  2  3.5  0		   4  3.5  1.3;
v7	  4  3.5  0		   6  3.5  1.3;

o	6 5.6 0;
v1	  0    2  0		   0    5  1.3;
v2	  2    2  0		   2    5  1.3;
v3	  4    2  0		   4    5  1.3;
v4	  6    2  0		   6    5  1.3;
v5	  8    2  0		   8    5  1.3;
v6	  0  3.5  0		   2  3.5  1.3;
v7	  2  3.5  0		   4  3.5  1.3;
v8	  4  3.5  0		   6  3.5  1.3;
v9	  6  3.5  0		   8  3.5  1.3;

o	17 5.6 0;
v1	  0    2  0		   0    5  1.3;
v2	  2    2  0		   2    5  1.3;
v3	  4    2  0		   4    5  1.3;
v4	  6    2  0		   6    5  1.3;
v5	  8    2  0		   8    5  1.3;
v6	 10    2  0		  10    5  1.3;
v7	  0  3.5  0		   2  3.5  1.3;
v8	  2  3.5  0		   4  3.5  1.3;
v9	  4  3.5  0		   6  3.5  1.3;
v10	  6  3.5  0		   8  3.5  1.3;
v11	  8  3.5  0		  10  3.5  1.3;

o	8 10.9 0;
v1	  0    2  0		   0    5  1.3;
v2	  2    2  0		   2    5  1.3;
v3	  4    2  0		   4    5  1.3;
v4	  6    2  0		   6    5  1.3;
v5	  0  3.5  0		   2  3.5  1.3;
v6	  2  3.5  0		   4  3.5  1.3;
v7	  4  3.5  0		   6  3.5  1.3;

o	17 10.9 0;
v1	  0    2  0		   0    5  1.3;
v2	  2    2  0		   2    5  1.3;
v3	  4    2  0		   4    5  1.3;
v4	  6    2  0		   6    5  1.3;
v5	  8    2  0		   8    5  1.3;
v6	 10    2  0		  10    5  1.3;
v7	  0  3.5  0		   2  3.5  1.3;
v8	  2  3.5  0		   4  3.5  1.3;
v9	  4  3.5  0		   6  3.5  1.3;
v10	  6  3.5  0		   8  3.5  1.3;
v11	  8  3.5  0		  10  3.5  1.3;

//
// Vertical Columns

t	0.15;
o	3 2 0;
v1	  0   0  0		 .3   0  3;
v2	 .3   0  0		 .3  .3  3;
v3	 .3  .3  0		  0  .3  3;
v4	  0  .3  0		  0   0  3;

o	10 2 0;
v1	  0   0  0		 .3   0  3;
v2	 .3   0  0		 .3  .3  3;
v3	 .3  .3  0		  0  .3  3;
v4	  0  .3  0		  0   0  3;

o	17 2 0;
v1	  0   0  0		 .3   0  3;
v2	 .3   0  0		 .3  .3  3;
v3	 .3  .3  0		  0  .3  3;
v4	  0  .3  0		  0   0  3;

o	24 2 0;
v1	  0   0  0		 .3   0  3;
v2	 .3   0  0		 .3  .3  3;
v3	 .3  .3  0		  0  .3  3;
v4	  0  .3  0		  0   0  3;

o	3 16 0;
t	0.15;
v1	  0   0  0		 .3   0  3;
v2	 .3   0  0		 .3  .3  3;
v3	 .3  .3  0		  0  .3  3;
v4	  0  .3  0		  0   0  3;

o	10 16 0;
v1	  0   0  0		 .3   0  3;
v2	 .3   0  0		 .3  .3  3;
v3	 .3  .3  0		  0  .3  3;
v4	  0  .3  0		  0   0  3;

o	17 16 0;
v1	  0   0  0		 .3   0  3;
v2	 .3   0  0		 .3  .3  3;
v3	 .3  .3  0		  0  .3  3;
v4	  0  .3  0		  0   0  3;

o	24 16 0;
v1	  0   0  0		 .3   0  3;
v2	 .3   0  0		 .3  .3  3;
v3	 .3  .3  0		  0  .3  3;
v4	  0  .3  0		  0   0  3;

//
// Vertical Fittings (Windows & Doors)
p	0.30		1.90	0.1		1;	// Wood
t	0.05;
z	1;

o	0 0 0;
v1	  5  0  0		 6.8  0  2;		// Doors
v2	 15  0  0		16.8  0  2;
v3	 25  0  0		26.8  0  2;

p	0.05		6.50	0.1		1;	// Glass
o	0 1 0;
v1	  0  0  .6		 0  2  2;		// Windows
o	0 4 0;
v1	  0  0  .6		 0  2  2;
o	0 7 0;
v1	  0  0  .6		 0  2  2;
o	0 10 0;
v1	  0  0  .6		 0  2  2;
o	0 13 0;
v1	  0  0  .6		 0  2  2;
o	0 16 0;
v1	  0  0  .6		 0  2  2;
o	0 19 0;
v1	  0  0  .6		 0  1  2;

o	0 20 0;
v1	  0  0  .6		 5  0  2;
o	5.5 20 0;
v1	  0  0  .6		 5  0  2;
o	11 20 0;
v1	  0  0  .6		 5  0  2;
o	16.5 20 0;
v1	  0  0  .6		 5  0  2;
o	22 20 0;
v1	  0  0  .6		 5  0  2;
o	27.5 20 0;
v1	  0  0  .6		 2.5  0  2;

//
// Ceiling and Floors
p	0.2		5.00	0.1		1;
t	0.20;
z	0;

o	0 0 0;
h1	 0  0  0	30  0  0	30 20  0	 0 20  0;
h2	 0  0  3	30  0  3	30 20  3	 0 20  3;

//
// Metal Cabinet

p	100		5.0		0.1		1;	// Metal
t	0.005;
o	8 .01 .01;
v1	   0   0  0		 1.3   0  1.8;
v2	 1.3   0  0		 1.3  .3  1.8;
v3	 1.3  .3  0		   0  .3  1.8;
v4	   0  .3  0		   0   0  1.8;
o	9.4 .01 .01;
v1	   0   0  0		 1.3   0  1.8;
v2	 1.3   0  0		 1.3  .3  1.8;
v3	 1.3  .3  0		   0  .3  1.8;
v4	   0  .3  0		   0   0  1.8;

o	12 .01 .01;
v1	   0   0  0		 1.3   0  1.8;
v2	 1.3   0  0		 1.3  .3  1.8;
v3	 1.3  .3  0		   0  .3  1.8;
v4	   0  .3  0		   0   0  1.8;
o	13.4 .01 0;
v1	   0   0  0		 1.3   0  1.8;
v2	 1.3   0  0		 1.3  .3  1.8;
v3	 1.3  .3  0		   0  .3  1.8;
v4	   0  .3  0		   0   0  1.8;

o	18 .01 .01;
v1	   0   0  0		 1.3   0  1.8;
v2	 1.3   0  0		 1.3  .3  1.8;
v3	 1.3  .3  0		   0  .3  1.8;
v4	   0  .3  0		   0   0  1.8;
o	19.4 .01 .01;
v1	   0   0  0		 1.3   0  1.8;
v2	 1.3   0  0		 1.3  .3  1.8;
v3	 1.3  .3  0		   0  .3  1.8;
v4	   0  .3  0		   0   0  1.8;
o	20.8 .01 .01;
v1	   0   0  0		 1.3   0  1.8;
v2	 1.3   0  0		 1.3  .3  1.8;
v3	 1.3  .3  0		   0  .3  1.8;
v4	   0  .3  0		   0   0  1.8;
o	22.2 .01 .01;
v1	   0   0  0		 1.3   0  1.8;
v2	 1.3   0  0		 1.3  .3  1.8;
v3	 1.3  .3  0		   0  .3  1.8;
v4	   0  .3  0		   0   0  1.8;

o	6 19.49 .01;
v1	   0   0  0		 2.5   0   .8;
v2	 2.5   0  0		 2.5  .5   .8;
v3	 2.5  .5  0		   0  .5   .8;
v4	   0  .5  0		   0   0   .8;
o	8.6 19.49 .01;
v1	   0   0  0		 2.5   0   .8;
v2	 2.5   0  0		 2.5  .5   .8;
v3	 2.5  .5  0		   0  .5   .8;
v4	   0  .5  0		   0   0   .8;

o	15 19.49 .01;
v1	   0   0  0		 2.5   0   .8;
v2	 2.5   0  0		 2.5  .5   .8;
v3	 2.5  .5  0		   0  .5   .8;
v4	   0  .5  0		   0   0   .8;
o	17.6 19.49 .01;
v1	   0   0  0		 2.5   0   .8;
v2	 2.5   0  0		 2.5  .5   .8;
v3	 2.5  .5  0		   0  .5   .8;
v4	   0  .5  0		   0   0   .8;
o	20.2 19.49 .01;
v1	   0   0  0		 2.5   0   .8;
v2	 2.5   0  0		 2.5  .5   .8;
v3	 2.5  .5  0		   0  .5   .8;
v4	   0  .5  0		   0   0   .8;
