Event based TLM
Project: LargeOffice_verification
Tue Feb 03 23:59:34 2009


Grid Analysis - 29 x 19 x 3 samples

Height = 0.500000

X		Y		PL(dB)
1.000000	1.000000	-69.042369
2.000000	1.000000	-67.326897
3.000000	1.000000	-64.033726
4.000000	1.000000	-64.461870
5.000000	1.000000	-59.316801
6.000000	1.000000	-51.609304
7.000000	1.000000	-57.145539
8.000000	1.000000	-54.481983
9.000000	1.000000	-59.143966
10.000000	1.000000	-53.602178
11.000000	1.000000	-57.523321
12.000000	1.000000	-61.408128
13.000000	1.000000	-57.694834
14.000000	1.000000	-55.854207
15.000000	1.000000	-56.147646
16.000000	1.000000	-56.419942
17.000000	1.000000	-58.824790
18.000000	1.000000	-58.471528
19.000000	1.000000	-56.942898
20.000000	1.000000	-58.709755
21.000000	1.000000	-59.072224
22.000000	1.000000	-54.718091
23.000000	1.000000	-56.215515
24.000000	1.000000	-51.815888
25.000000	1.000000	-59.893642
26.000000	1.000000	-64.312211
27.000000	1.000000	-63.302055
28.000000	1.000000	-67.719644
29.000000	1.000000	-65.497455
1.000000	2.000000	-69.028321
2.000000	2.000000	-68.529120
3.000000	2.000000	-60.714712
4.000000	2.000000	-63.222245
5.000000	2.000000	-60.664514
6.000000	2.000000	-58.276050
7.000000	2.000000	-53.143648
8.000000	2.000000	-56.200260
9.000000	2.000000	-57.389629
10.000000	2.000000	-54.462825
11.000000	2.000000	-57.541216
12.000000	2.000000	-57.779295
13.000000	2.000000	-57.539172
14.000000	2.000000	-56.947392
15.000000	2.000000	-55.875318
16.000000	2.000000	-58.584245
17.000000	2.000000	-55.082778
18.000000	2.000000	-55.107256
19.000000	2.000000	-58.600176
20.000000	2.000000	-54.454500
21.000000	2.000000	-57.871445
22.000000	2.000000	-56.980362
23.000000	2.000000	-53.424389
24.000000	2.000000	-56.160131
25.000000	2.000000	-58.372165
26.000000	2.000000	-63.467527
27.000000	2.000000	-66.118254
28.000000	2.000000	-64.796352
29.000000	2.000000	-66.968700
1.000000	3.000000	-67.941737
2.000000	3.000000	-66.373747
3.000000	3.000000	-66.047699
4.000000	3.000000	-64.524784
5.000000	3.000000	-59.649333
6.000000	3.000000	-54.608674
7.000000	3.000000	-57.453086
8.000000	3.000000	-49.333130
9.000000	3.000000	-53.246008
10.000000	3.000000	-53.641111
11.000000	3.000000	-57.369812
12.000000	3.000000	-49.539528
13.000000	3.000000	-60.037922
14.000000	3.000000	-50.310715
15.000000	3.000000	-54.504643
16.000000	3.000000	-55.337006
17.000000	3.000000	-55.319507
18.000000	3.000000	-55.130215
19.000000	3.000000	-54.576206
20.000000	3.000000	-54.199967
21.000000	3.000000	-52.158542
22.000000	3.000000	-51.650853
23.000000	3.000000	-54.307045
24.000000	3.000000	-58.377792
25.000000	3.000000	-57.726189
26.000000	3.000000	-63.033173
27.000000	3.000000	-64.208269
28.000000	3.000000	-65.344340
29.000000	3.000000	-67.173459
1.000000	4.000000	-68.504440
2.000000	4.000000	-66.536013
3.000000	4.000000	-64.287125
4.000000	4.000000	-66.416266
5.000000	4.000000	-60.151233
6.000000	4.000000	-57.743930
7.000000	4.000000	-57.136102
8.000000	4.000000	-51.293205
9.000000	4.000000	-48.784966
10.000000	4.000000	-51.518518
11.000000	4.000000	-48.559340
12.000000	4.000000	-50.676736
13.000000	4.000000	-50.042902
14.000000	4.000000	-51.803989
15.000000	4.000000	-55.209455
16.000000	4.000000	-53.528362
17.000000	4.000000	-48.191224
18.000000	4.000000	-52.229924
19.000000	4.000000	-51.334907
20.000000	4.000000	-52.136661
21.000000	4.000000	-46.390373
22.000000	4.000000	-54.487586
23.000000	4.000000	-55.181762
24.000000	4.000000	-61.396196
25.000000	4.000000	-58.622551
26.000000	4.000000	-66.721881
27.000000	4.000000	-66.582877
28.000000	4.000000	-65.817925
29.000000	4.000000	-66.394527
1.000000	5.000000	-69.206574
2.000000	5.000000	-67.285921
3.000000	5.000000	-64.443223
4.000000	5.000000	-63.224577
5.000000	5.000000	-61.506666
6.000000	5.000000	-57.389380
7.000000	5.000000	-57.233486
8.000000	5.000000	-52.092656
9.000000	5.000000	-54.314662
10.000000	5.000000	-43.915337
11.000000	5.000000	-49.112601
12.000000	5.000000	-52.081811
13.000000	5.000000	-48.469508
14.000000	5.000000	-47.307926
15.000000	5.000000	-54.724343
16.000000	5.000000	-49.787387
17.000000	5.000000	-45.762837
18.000000	5.000000	-54.334572
19.000000	5.000000	-47.026745
20.000000	5.000000	-45.057839
21.000000	5.000000	-52.062823
22.000000	5.000000	-56.072730
23.000000	5.000000	-54.355333
24.000000	5.000000	-61.109678
25.000000	5.000000	-61.456669
26.000000	5.000000	-61.546487
27.000000	5.000000	-62.008286
28.000000	5.000000	-65.909830
29.000000	5.000000	-66.996678
1.000000	6.000000	-65.475179
2.000000	6.000000	-67.869217
3.000000	6.000000	-67.262096
4.000000	6.000000	-62.226321
5.000000	6.000000	-62.881268
6.000000	6.000000	-59.096026
7.000000	6.000000	-57.261028
8.000000	6.000000	-59.483077
9.000000	6.000000	-53.110632
10.000000	6.000000	-50.279429
11.000000	6.000000	-44.401305
12.000000	6.000000	-45.252823
13.000000	6.000000	-45.882475
14.000000	6.000000	-48.026348
15.000000	6.000000	-50.691150
16.000000	6.000000	-46.640783
17.000000	6.000000	-45.198678
18.000000	6.000000	-45.963108
19.000000	6.000000	-45.146799
20.000000	6.000000	-50.681870
21.000000	6.000000	-53.960718
22.000000	6.000000	-57.616269
23.000000	6.000000	-57.158125
24.000000	6.000000	-58.621684
25.000000	6.000000	-60.982321
26.000000	6.000000	-63.875743
27.000000	6.000000	-64.408749
28.000000	6.000000	-64.947493
29.000000	6.000000	-64.529273
1.000000	7.000000	-66.817849
2.000000	7.000000	-65.522604
3.000000	7.000000	-64.261914
4.000000	7.000000	-63.797935
5.000000	7.000000	-62.020511
6.000000	7.000000	-61.280456
7.000000	7.000000	-61.725786
8.000000	7.000000	-57.915228
9.000000	7.000000	-56.449885
10.000000	7.000000	-56.872512
11.000000	7.000000	-47.297057
12.000000	7.000000	-45.375260
13.000000	7.000000	-48.850777
14.000000	7.000000	-47.235083
15.000000	7.000000	-48.845997
16.000000	7.000000	-44.111121
17.000000	7.000000	-49.386936
18.000000	7.000000	-46.768832
19.000000	7.000000	-46.671635
20.000000	7.000000	-57.578694
21.000000	7.000000	-57.252180
22.000000	7.000000	-58.247423
23.000000	7.000000	-61.836756
24.000000	7.000000	-63.271317
25.000000	7.000000	-63.074101
26.000000	7.000000	-62.114110
27.000000	7.000000	-63.299110
28.000000	7.000000	-63.848822
29.000000	7.000000	-63.602847
1.000000	8.000000	-70.093691
2.000000	8.000000	-65.881781
3.000000	8.000000	-64.878237
4.000000	8.000000	-61.925406
5.000000	8.000000	-58.409927
6.000000	8.000000	-59.400265
7.000000	8.000000	-61.236684
8.000000	8.000000	-60.360520
9.000000	8.000000	-55.243366
10.000000	8.000000	-51.859894
11.000000	8.000000	-50.013087
12.000000	8.000000	-47.741162
13.000000	8.000000	-40.741169
14.000000	8.000000	-40.705642
15.000000	8.000000	-44.323106
16.000000	8.000000	-42.896532
17.000000	8.000000	-35.446964
18.000000	8.000000	-50.864468
19.000000	8.000000	-45.981923
20.000000	8.000000	-51.452002
21.000000	8.000000	-51.865539
22.000000	8.000000	-61.079709
23.000000	8.000000	-58.952223
24.000000	8.000000	-60.434325
25.000000	8.000000	-57.350858
26.000000	8.000000	-62.532421
27.000000	8.000000	-62.148901
28.000000	8.000000	-64.415104
29.000000	8.000000	-67.909295
1.000000	9.000000	-68.428504
2.000000	9.000000	-64.276280
3.000000	9.000000	-62.011002
4.000000	9.000000	-64.773454
5.000000	9.000000	-60.797604
6.000000	9.000000	-56.971619
7.000000	9.000000	-58.250016
8.000000	9.000000	-55.904867
9.000000	9.000000	-56.262051
10.000000	9.000000	-49.401558
11.000000	9.000000	-48.633696
12.000000	9.000000	-44.423024
13.000000	9.000000	-44.596815
14.000000	9.000000	-26.035313
15.000000	9.000000	-32.846081
16.000000	9.000000	-28.003092
17.000000	9.000000	-40.316353
18.000000	9.000000	-48.169761
19.000000	9.000000	-43.575934
20.000000	9.000000	-50.135315
21.000000	9.000000	-51.823492
22.000000	9.000000	-56.185943
23.000000	9.000000	-55.750470
24.000000	9.000000	-59.756234
25.000000	9.000000	-61.465455
26.000000	9.000000	-64.674077
27.000000	9.000000	-61.503703
28.000000	9.000000	-64.533540
29.000000	9.000000	-65.346958
1.000000	10.000000	-67.175880
2.000000	10.000000	-68.594094
3.000000	10.000000	-63.523434
4.000000	10.000000	-64.505364
5.000000	10.000000	-63.308073
6.000000	10.000000	-55.882789
7.000000	10.000000	-59.853528
8.000000	10.000000	-57.430495
9.000000	10.000000	-56.348152
10.000000	10.000000	-54.179481
11.000000	10.000000	-54.900597
12.000000	10.000000	-50.042419
13.000000	10.000000	-45.451407
14.000000	10.000000	-31.735815
15.000000	10.000000	-38.612604
16.000000	10.000000	-32.846081
17.000000	10.000000	-44.681738
18.000000	10.000000	-52.335177
19.000000	10.000000	-51.975166
20.000000	10.000000	-56.674537
21.000000	10.000000	-54.154446
22.000000	10.000000	-55.600754
23.000000	10.000000	-57.351860
24.000000	10.000000	-58.019400
25.000000	10.000000	-59.944239
26.000000	10.000000	-64.255030
27.000000	10.000000	-65.007988
28.000000	10.000000	-67.646507
29.000000	10.000000	-67.236789
1.000000	11.000000	-67.303763
2.000000	11.000000	-65.191942
3.000000	11.000000	-65.718920
4.000000	11.000000	-65.355197
5.000000	11.000000	-61.711003
6.000000	11.000000	-58.862936
7.000000	11.000000	-57.141556
8.000000	11.000000	-55.712552
9.000000	11.000000	-53.518583
10.000000	11.000000	-50.727029
11.000000	11.000000	-48.256374
12.000000	11.000000	-48.568600
13.000000	11.000000	-44.796085
14.000000	11.000000	-27.985968
15.000000	11.000000	-32.846081
16.000000	11.000000	-28.003092
17.000000	11.000000	-42.655744
18.000000	11.000000	-47.527253
19.000000	11.000000	-47.170171
20.000000	11.000000	-50.266184
21.000000	11.000000	-53.792176
22.000000	11.000000	-54.888059
23.000000	11.000000	-58.039481
24.000000	11.000000	-59.024178
25.000000	11.000000	-61.853283
26.000000	11.000000	-66.314821
27.000000	11.000000	-64.866282
28.000000	11.000000	-64.420838
29.000000	11.000000	-67.440628
1.000000	12.000000	-67.669251
2.000000	12.000000	-64.356564
3.000000	12.000000	-63.749946
4.000000	12.000000	-62.149863
5.000000	12.000000	-59.563125
6.000000	12.000000	-59.136213
7.000000	12.000000	-58.598240
8.000000	12.000000	-56.169743
9.000000	12.000000	-54.680325
10.000000	12.000000	-50.964814
11.000000	12.000000	-47.444387
12.000000	12.000000	-49.581412
13.000000	12.000000	-39.214511
14.000000	12.000000	-43.871915
15.000000	12.000000	-46.495970
16.000000	12.000000	-43.748583
17.000000	12.000000	-37.388522
18.000000	12.000000	-50.235732
19.000000	12.000000	-46.832345
20.000000	12.000000	-49.890932
21.000000	12.000000	-54.671734
22.000000	12.000000	-56.326490
23.000000	12.000000	-58.536226
24.000000	12.000000	-59.731027
25.000000	12.000000	-58.296490
26.000000	12.000000	-61.507123
27.000000	12.000000	-61.687559
28.000000	12.000000	-64.443542
29.000000	12.000000	-66.745653
1.000000	13.000000	-65.173469
2.000000	13.000000	-65.522467
3.000000	13.000000	-66.428764
4.000000	13.000000	-67.149547
5.000000	13.000000	-63.321060
6.000000	13.000000	-63.122568
7.000000	13.000000	-60.819073
8.000000	13.000000	-53.986834
9.000000	13.000000	-53.755471
10.000000	13.000000	-51.105080
11.000000	13.000000	-45.632912
12.000000	13.000000	-42.685803
13.000000	13.000000	-50.255783
14.000000	13.000000	-45.243840
15.000000	13.000000	-52.119426
16.000000	13.000000	-47.835484
17.000000	13.000000	-47.252300
18.000000	13.000000	-45.893144
19.000000	13.000000	-43.373524
20.000000	13.000000	-54.255248
21.000000	13.000000	-50.751795
22.000000	13.000000	-55.570432
23.000000	13.000000	-57.065615
24.000000	13.000000	-64.849646
25.000000	13.000000	-58.400606
26.000000	13.000000	-63.914632
27.000000	13.000000	-62.375163
28.000000	13.000000	-65.979623
29.000000	13.000000	-65.986274
1.000000	14.000000	-66.539357
2.000000	14.000000	-66.148260
3.000000	14.000000	-66.440974
4.000000	14.000000	-67.307120
5.000000	14.000000	-60.854444
6.000000	14.000000	-59.853896
7.000000	14.000000	-57.474961
8.000000	14.000000	-55.496281
9.000000	14.000000	-50.335239
10.000000	14.000000	-50.124540
11.000000	14.000000	-44.557455
12.000000	14.000000	-42.250391
13.000000	14.000000	-45.367724
14.000000	14.000000	-43.531853
15.000000	14.000000	-55.107570
16.000000	14.000000	-46.766968
17.000000	14.000000	-43.889516
18.000000	14.000000	-45.083160
19.000000	14.000000	-40.733630
20.000000	14.000000	-53.023806
21.000000	14.000000	-49.442495
22.000000	14.000000	-55.095703
23.000000	14.000000	-52.822386
24.000000	14.000000	-59.055827
25.000000	14.000000	-54.750552
26.000000	14.000000	-67.036765
27.000000	14.000000	-65.235267
28.000000	14.000000	-65.751093
29.000000	14.000000	-66.286968
1.000000	15.000000	-66.147084
2.000000	15.000000	-67.363514
3.000000	15.000000	-64.724944
4.000000	15.000000	-63.831849
5.000000	15.000000	-61.544988
6.000000	15.000000	-59.472895
7.000000	15.000000	-58.686152
8.000000	15.000000	-56.241228
9.000000	15.000000	-54.889747
10.000000	15.000000	-44.813285
11.000000	15.000000	-49.690698
12.000000	15.000000	-53.054672
13.000000	15.000000	-50.114801
14.000000	15.000000	-47.012202
15.000000	15.000000	-55.030188
16.000000	15.000000	-50.056495
17.000000	15.000000	-45.948051
18.000000	15.000000	-48.568885
19.000000	15.000000	-47.801324
20.000000	15.000000	-46.134020
21.000000	15.000000	-52.778739
22.000000	15.000000	-57.871182
23.000000	15.000000	-55.086088
24.000000	15.000000	-61.513118
25.000000	15.000000	-59.155494
26.000000	15.000000	-62.812782
27.000000	15.000000	-60.804420
28.000000	15.000000	-66.723880
29.000000	15.000000	-65.694910
1.000000	16.000000	-68.491132
2.000000	16.000000	-68.648319
3.000000	16.000000	-61.484011
4.000000	16.000000	-64.843034
5.000000	16.000000	-59.159694
6.000000	16.000000	-60.022236
7.000000	16.000000	-57.494248
8.000000	16.000000	-54.627758
9.000000	16.000000	-48.427177
10.000000	16.000000	-52.068685
11.000000	16.000000	-52.275023
12.000000	16.000000	-54.055402
13.000000	16.000000	-52.765194
14.000000	16.000000	-55.336091
15.000000	16.000000	-52.924459
16.000000	16.000000	-53.686483
17.000000	16.000000	-50.486029
18.000000	16.000000	-54.605399
19.000000	16.000000	-55.228047
20.000000	16.000000	-53.722489
21.000000	16.000000	-50.890283
22.000000	16.000000	-56.459747
23.000000	16.000000	-59.166730
24.000000	16.000000	-56.503426
25.000000	16.000000	-58.440826
26.000000	16.000000	-64.887564
27.000000	16.000000	-66.519416
28.000000	16.000000	-65.461261
29.000000	16.000000	-64.597954
1.000000	17.000000	-67.176471
2.000000	17.000000	-65.124195
3.000000	17.000000	-66.040078
4.000000	17.000000	-62.595127
5.000000	17.000000	-60.993245
6.000000	17.000000	-58.454360
7.000000	17.000000	-55.928384
8.000000	17.000000	-50.760906
9.000000	17.000000	-54.389775
10.000000	17.000000	-59.258744
11.000000	17.000000	-58.365128
12.000000	17.000000	-54.240626
13.000000	17.000000	-56.794004
14.000000	17.000000	-53.185064
15.000000	17.000000	-55.669815
16.000000	17.000000	-50.846360
17.000000	17.000000	-57.957039
18.000000	17.000000	-54.714155
19.000000	17.000000	-59.461151
20.000000	17.000000	-57.534636
21.000000	17.000000	-53.801745
22.000000	17.000000	-51.597196
23.000000	17.000000	-56.072785
24.000000	17.000000	-58.278271
25.000000	17.000000	-61.291008
26.000000	17.000000	-65.382045
27.000000	17.000000	-64.866617
28.000000	17.000000	-63.638097
29.000000	17.000000	-65.700182
1.000000	18.000000	-66.604457
2.000000	18.000000	-66.338962
3.000000	18.000000	-65.055259
4.000000	18.000000	-63.027068
5.000000	18.000000	-58.871749
6.000000	18.000000	-56.755662
7.000000	18.000000	-52.563437
8.000000	18.000000	-56.170845
9.000000	18.000000	-58.007082
10.000000	18.000000	-56.628574
11.000000	18.000000	-54.555466
12.000000	18.000000	-59.287888
13.000000	18.000000	-55.445334
14.000000	18.000000	-55.778148
15.000000	18.000000	-54.395323
16.000000	18.000000	-54.654354
17.000000	18.000000	-58.139524
18.000000	18.000000	-58.685606
19.000000	18.000000	-56.271509
20.000000	18.000000	-58.692472
21.000000	18.000000	-56.368738
22.000000	18.000000	-54.041282
23.000000	18.000000	-54.123106
24.000000	18.000000	-57.205129
25.000000	18.000000	-58.778840
26.000000	18.000000	-64.658602
27.000000	18.000000	-65.026168
28.000000	18.000000	-64.467343
29.000000	18.000000	-66.014172
1.000000	19.000000	-67.582141
2.000000	19.000000	-68.300934
3.000000	19.000000	-64.747297
4.000000	19.000000	-63.773916
5.000000	19.000000	-58.691031
6.000000	19.000000	-50.899107
7.000000	19.000000	-56.630388
8.000000	19.000000	-55.422649
9.000000	19.000000	-58.192888
10.000000	19.000000	-56.878134
11.000000	19.000000	-59.861224
12.000000	19.000000	-60.249014
13.000000	19.000000	-56.585748
14.000000	19.000000	-55.008684
15.000000	19.000000	-56.857972
16.000000	19.000000	-56.797605
17.000000	19.000000	-56.453183
18.000000	19.000000	-59.121464
19.000000	19.000000	-58.084086
20.000000	19.000000	-57.090814
21.000000	19.000000	-60.298039
22.000000	19.000000	-54.530567
23.000000	19.000000	-55.960391
24.000000	19.000000	-51.610595
25.000000	19.000000	-58.991190
26.000000	19.000000	-63.747166
27.000000	19.000000	-64.465236
28.000000	19.000000	-68.482190
29.000000	19.000000	-65.764641

Height = 1.000000

X		Y		PL(dB)
1.000000	1.000000	-63.177551
2.000000	1.000000	-65.559833
3.000000	1.000000	-61.254748
4.000000	1.000000	-62.513019
5.000000	1.000000	-60.751791
6.000000	1.000000	-56.687653
7.000000	1.000000	-59.367002
8.000000	1.000000	-58.487370
9.000000	1.000000	-59.297046
10.000000	1.000000	-56.398543
11.000000	1.000000	-59.211515
12.000000	1.000000	-59.749626
13.000000	1.000000	-60.156741
14.000000	1.000000	-56.004057
15.000000	1.000000	-61.076652
16.000000	1.000000	-60.246513
17.000000	1.000000	-60.105538
18.000000	1.000000	-61.512531
19.000000	1.000000	-59.542309
20.000000	1.000000	-59.551457
21.000000	1.000000	-58.918468
22.000000	1.000000	-61.020611
23.000000	1.000000	-60.223246
24.000000	1.000000	-56.466956
25.000000	1.000000	-62.413120
26.000000	1.000000	-61.460104
27.000000	1.000000	-59.935077
28.000000	1.000000	-64.823859
29.000000	1.000000	-61.026588
1.000000	2.000000	-63.045141
2.000000	2.000000	-63.628388
3.000000	2.000000	-57.824425
4.000000	2.000000	-60.287844
5.000000	2.000000	-62.640061
6.000000	2.000000	-59.680416
7.000000	2.000000	-51.742547
8.000000	2.000000	-56.042688
9.000000	2.000000	-53.494278
10.000000	2.000000	-54.459112
11.000000	2.000000	-55.942495
12.000000	2.000000	-57.263193
13.000000	2.000000	-56.140912
14.000000	2.000000	-57.722383
15.000000	2.000000	-61.755114
16.000000	2.000000	-57.657948
17.000000	2.000000	-53.946041
18.000000	2.000000	-58.249645
19.000000	2.000000	-57.350484
20.000000	2.000000	-58.256005
21.000000	2.000000	-54.551803
22.000000	2.000000	-57.136157
23.000000	2.000000	-53.186926
24.000000	2.000000	-59.266312
25.000000	2.000000	-62.773550
26.000000	2.000000	-59.860802
27.000000	2.000000	-58.908581
28.000000	2.000000	-61.973714
29.000000	2.000000	-62.549531
1.000000	3.000000	-63.363289
2.000000	3.000000	-61.314736
3.000000	3.000000	-62.184353
4.000000	3.000000	-61.639049
5.000000	3.000000	-62.840975
6.000000	3.000000	-56.791052
7.000000	3.000000	-57.565789
8.000000	3.000000	-49.315621
9.000000	3.000000	-53.784773
10.000000	3.000000	-52.323190
11.000000	3.000000	-54.071691
12.000000	3.000000	-51.859243
13.000000	3.000000	-57.812292
14.000000	3.000000	-55.807018
15.000000	3.000000	-58.448395
16.000000	3.000000	-58.226025
17.000000	3.000000	-53.918190
18.000000	3.000000	-56.623801
19.000000	3.000000	-51.794916
20.000000	3.000000	-52.043272
21.000000	3.000000	-53.803618
22.000000	3.000000	-52.854328
23.000000	3.000000	-55.617374
24.000000	3.000000	-58.968952
25.000000	3.000000	-58.939342
26.000000	3.000000	-62.371153
27.000000	3.000000	-60.765589
28.000000	3.000000	-62.460240
29.000000	3.000000	-61.624919
1.000000	4.000000	-66.321769
2.000000	4.000000	-62.469200
3.000000	4.000000	-59.059266
4.000000	4.000000	-61.543070
5.000000	4.000000	-60.952647
6.000000	4.000000	-58.432906
7.000000	4.000000	-55.288086
8.000000	4.000000	-52.003090
9.000000	4.000000	-50.114355
10.000000	4.000000	-48.743239
11.000000	4.000000	-54.169318
12.000000	4.000000	-54.969236
13.000000	4.000000	-54.502270
14.000000	4.000000	-57.192148
15.000000	4.000000	-57.049212
16.000000	4.000000	-60.200217
17.000000	4.000000	-52.681351
18.000000	4.000000	-56.941264
19.000000	4.000000	-52.676464
20.000000	4.000000	-53.202203
21.000000	4.000000	-50.543916
22.000000	4.000000	-55.088992
23.000000	4.000000	-52.924661
24.000000	4.000000	-61.575893
25.000000	4.000000	-62.313178
26.000000	4.000000	-61.393369
27.000000	4.000000	-59.606728
28.000000	4.000000	-60.838828
29.000000	4.000000	-65.062126
1.000000	5.000000	-64.298712
2.000000	5.000000	-65.766480
3.000000	5.000000	-66.322906
4.000000	5.000000	-61.819544
5.000000	5.000000	-62.110845
6.000000	5.000000	-59.444777
7.000000	5.000000	-59.934132
8.000000	5.000000	-52.378719
9.000000	5.000000	-52.239131
10.000000	5.000000	-49.676293
11.000000	5.000000	-54.242613
12.000000	5.000000	-53.537526
13.000000	5.000000	-55.689004
14.000000	5.000000	-55.594688
15.000000	5.000000	-58.477155
16.000000	5.000000	-58.044407
17.000000	5.000000	-55.146588
18.000000	5.000000	-53.759700
19.000000	5.000000	-52.681788
20.000000	5.000000	-52.152839
21.000000	5.000000	-51.711332
22.000000	5.000000	-54.522821
23.000000	5.000000	-58.323390
24.000000	5.000000	-62.467384
25.000000	5.000000	-62.896530
26.000000	5.000000	-60.692777
27.000000	5.000000	-63.045522
28.000000	5.000000	-64.011326
29.000000	5.000000	-63.749885
1.000000	6.000000	-68.070776
2.000000	6.000000	-65.714061
3.000000	6.000000	-63.793749
4.000000	6.000000	-64.225729
5.000000	6.000000	-64.910110
6.000000	6.000000	-61.656628
7.000000	6.000000	-56.780339
8.000000	6.000000	-54.359387
9.000000	6.000000	-56.711377
10.000000	6.000000	-56.989784
11.000000	6.000000	-46.932716
12.000000	6.000000	-47.256715
13.000000	6.000000	-48.408144
14.000000	6.000000	-48.479248
15.000000	6.000000	-56.042365
16.000000	6.000000	-46.758039
17.000000	6.000000	-46.778250
18.000000	6.000000	-47.663883
19.000000	6.000000	-47.682928
20.000000	6.000000	-55.412109
21.000000	6.000000	-56.070270
22.000000	6.000000	-54.807913
23.000000	6.000000	-58.267361
24.000000	6.000000	-61.414933
25.000000	6.000000	-64.054692
26.000000	6.000000	-64.364984
27.000000	6.000000	-63.545882
28.000000	6.000000	-63.042610
29.000000	6.000000	-61.781005
1.000000	7.000000	-65.781586
2.000000	7.000000	-66.297073
3.000000	7.000000	-64.049765
4.000000	7.000000	-63.849493
5.000000	7.000000	-63.664064
6.000000	7.000000	-59.843211
7.000000	7.000000	-59.448813
8.000000	7.000000	-60.071109
9.000000	7.000000	-57.489936
10.000000	7.000000	-58.118356
11.000000	7.000000	-48.503118
12.000000	7.000000	-43.329677
13.000000	7.000000	-48.876213
14.000000	7.000000	-46.631236
15.000000	7.000000	-50.185205
16.000000	7.000000	-46.940824
17.000000	7.000000	-47.594398
18.000000	7.000000	-43.878476
19.000000	7.000000	-49.140199
20.000000	7.000000	-57.992064
21.000000	7.000000	-57.080076
22.000000	7.000000	-58.524474
23.000000	7.000000	-59.148441
24.000000	7.000000	-61.785076
25.000000	7.000000	-62.118784
26.000000	7.000000	-62.885521
27.000000	7.000000	-63.860400
28.000000	7.000000	-65.895299
29.000000	7.000000	-65.464736
1.000000	8.000000	-63.996943
2.000000	8.000000	-64.804344
3.000000	8.000000	-62.129753
4.000000	8.000000	-59.727702
5.000000	8.000000	-64.112311
6.000000	8.000000	-59.883179
7.000000	8.000000	-60.701834
8.000000	8.000000	-56.634716
9.000000	8.000000	-57.634642
10.000000	8.000000	-57.856791
11.000000	8.000000	-50.311049
12.000000	8.000000	-46.746136
13.000000	8.000000	-40.482445
14.000000	8.000000	-39.604910
15.000000	8.000000	-45.587990
16.000000	8.000000	-42.628437
17.000000	8.000000	-38.880962
18.000000	8.000000	-48.969528
19.000000	8.000000	-48.662235
20.000000	8.000000	-55.853603
21.000000	8.000000	-55.187018
22.000000	8.000000	-56.530816
23.000000	8.000000	-56.771627
24.000000	8.000000	-61.828587
25.000000	8.000000	-58.757356
26.000000	8.000000	-60.159487
27.000000	8.000000	-59.321190
28.000000	8.000000	-64.058077
29.000000	8.000000	-66.742160
1.000000	9.000000	-67.744452
2.000000	9.000000	-64.862308
3.000000	9.000000	-64.937878
4.000000	9.000000	-63.511125
5.000000	9.000000	-60.437818
6.000000	9.000000	-56.856601
7.000000	9.000000	-61.141971
8.000000	9.000000	-58.046421
9.000000	9.000000	-62.180047
10.000000	9.000000	-57.101393
11.000000	9.000000	-50.621762
12.000000	9.000000	-44.243355
13.000000	9.000000	-43.199553
14.000000	9.000000	-29.872485
15.000000	9.000000	-35.491554
16.000000	9.000000	-31.845523
17.000000	9.000000	-39.067468
18.000000	9.000000	-46.048494
19.000000	9.000000	-47.931800
20.000000	9.000000	-59.815584
21.000000	9.000000	-57.676914
22.000000	9.000000	-60.999663
23.000000	9.000000	-59.360474
24.000000	9.000000	-63.115372
25.000000	9.000000	-57.967671
26.000000	9.000000	-63.411353
27.000000	9.000000	-63.585067
28.000000	9.000000	-66.427729
29.000000	9.000000	-66.429524
1.000000	10.000000	-68.102268
2.000000	10.000000	-66.625108
3.000000	10.000000	-61.779155
4.000000	10.000000	-64.393004
5.000000	10.000000	-59.932271
6.000000	10.000000	-57.316183
7.000000	10.000000	-62.359729
8.000000	10.000000	-59.561227
9.000000	10.000000	-56.687595
10.000000	10.000000	-56.081358
11.000000	10.000000	-56.394289
12.000000	10.000000	-46.029384
13.000000	10.000000	-46.170947
14.000000	10.000000	-35.347661
15.000000	10.000000	-28.785558
16.000000	10.000000	-35.491554
17.000000	10.000000	-41.844511
18.000000	10.000000	-47.279735
19.000000	10.000000	-56.111429
20.000000	10.000000	-56.798941
21.000000	10.000000	-55.715593
22.000000	10.000000	-62.725657
23.000000	10.000000	-58.918207
24.000000	10.000000	-60.491086
25.000000	10.000000	-58.373778
26.000000	10.000000	-63.348566
27.000000	10.000000	-63.602502
28.000000	10.000000	-66.484524
29.000000	10.000000	-66.550308
1.000000	11.000000	-67.217456
2.000000	11.000000	-62.834433
3.000000	11.000000	-65.485438
4.000000	11.000000	-61.847212
5.000000	11.000000	-60.082640
6.000000	11.000000	-60.170149
7.000000	11.000000	-60.285532
8.000000	11.000000	-59.988653
9.000000	11.000000	-59.970547
10.000000	11.000000	-60.793797
11.000000	11.000000	-50.139613
12.000000	11.000000	-46.109985
13.000000	11.000000	-42.559164
14.000000	11.000000	-31.794783
15.000000	11.000000	-35.491554
16.000000	11.000000	-31.845523
17.000000	11.000000	-41.064928
18.000000	11.000000	-46.667446
19.000000	11.000000	-49.327265
20.000000	11.000000	-59.190871
21.000000	11.000000	-59.031206
22.000000	11.000000	-60.794833
23.000000	11.000000	-60.744523
24.000000	11.000000	-59.749716
25.000000	11.000000	-60.877551
26.000000	11.000000	-61.957357
27.000000	11.000000	-65.119839
28.000000	11.000000	-64.826328
29.000000	11.000000	-66.261217
1.000000	12.000000	-64.210379
2.000000	12.000000	-60.625514
3.000000	12.000000	-60.748337
4.000000	12.000000	-60.984408
5.000000	12.000000	-62.005250
6.000000	12.000000	-60.267197
7.000000	12.000000	-58.802937
8.000000	12.000000	-55.109311
9.000000	12.000000	-56.119930
10.000000	12.000000	-58.053704
11.000000	12.000000	-48.693973
12.000000	12.000000	-48.589676
13.000000	12.000000	-40.253096
14.000000	12.000000	-41.435335
15.000000	12.000000	-45.119128
16.000000	12.000000	-41.679419
17.000000	12.000000	-39.624150
18.000000	12.000000	-48.386773
19.000000	12.000000	-49.790702
20.000000	12.000000	-56.672268
21.000000	12.000000	-54.732891
22.000000	12.000000	-54.287124
23.000000	12.000000	-58.062606
24.000000	12.000000	-61.063500
25.000000	12.000000	-62.497922
26.000000	12.000000	-61.082776
27.000000	12.000000	-60.560706
28.000000	12.000000	-58.841364
29.000000	12.000000	-62.882405
1.000000	13.000000	-64.198299
2.000000	13.000000	-65.146230
3.000000	13.000000	-66.423068
4.000000	13.000000	-65.573204
5.000000	13.000000	-63.410609
6.000000	13.000000	-60.130815
7.000000	13.000000	-59.041379
8.000000	13.000000	-55.517030
9.000000	13.000000	-57.081174
10.000000	13.000000	-55.005123
11.000000	13.000000	-48.112193
12.000000	13.000000	-40.247058
13.000000	13.000000	-47.007825
14.000000	13.000000	-43.038317
15.000000	13.000000	-47.061516
16.000000	13.000000	-45.756879
17.000000	13.000000	-46.228561
18.000000	13.000000	-43.355107
19.000000	13.000000	-45.205260
20.000000	13.000000	-56.283635
21.000000	13.000000	-53.640243
22.000000	13.000000	-55.730488
23.000000	13.000000	-57.150777
24.000000	13.000000	-60.785992
25.000000	13.000000	-63.767719
26.000000	13.000000	-65.812723
27.000000	13.000000	-63.735425
28.000000	13.000000	-66.195956
29.000000	13.000000	-62.455765
1.000000	14.000000	-63.651017
2.000000	14.000000	-62.979075
3.000000	14.000000	-65.918729
4.000000	14.000000	-65.686747
5.000000	14.000000	-64.597675
6.000000	14.000000	-64.102311
7.000000	14.000000	-60.095244
8.000000	14.000000	-53.593084
9.000000	14.000000	-58.058238
10.000000	14.000000	-51.487473
11.000000	14.000000	-46.748013
12.000000	14.000000	-44.292612
13.000000	14.000000	-46.103605
14.000000	14.000000	-46.196315
15.000000	14.000000	-56.702629
16.000000	14.000000	-48.817605
17.000000	14.000000	-46.962226
18.000000	14.000000	-46.959495
19.000000	14.000000	-43.673349
20.000000	14.000000	-52.516717
21.000000	14.000000	-55.564743
22.000000	14.000000	-54.645285
23.000000	14.000000	-56.423269
24.000000	14.000000	-63.138954
25.000000	14.000000	-59.963040
26.000000	14.000000	-64.713129
27.000000	14.000000	-60.126564
28.000000	14.000000	-61.803664
29.000000	14.000000	-64.086998
1.000000	15.000000	-65.471429
2.000000	15.000000	-65.466720
3.000000	15.000000	-63.319639
4.000000	15.000000	-63.955054
5.000000	15.000000	-64.659097
6.000000	15.000000	-59.995197
7.000000	15.000000	-60.037540
8.000000	15.000000	-52.517195
9.000000	15.000000	-52.329416
10.000000	15.000000	-50.468493
11.000000	15.000000	-56.849348
12.000000	15.000000	-52.803209
13.000000	15.000000	-57.128725
14.000000	15.000000	-55.374995
15.000000	15.000000	-55.666988
16.000000	15.000000	-59.450926
17.000000	15.000000	-54.367632
18.000000	15.000000	-55.617370
19.000000	15.000000	-53.556499
20.000000	15.000000	-52.496072
21.000000	15.000000	-51.094871
22.000000	15.000000	-54.589986
23.000000	15.000000	-59.175998
24.000000	15.000000	-61.884792
25.000000	15.000000	-60.224512
26.000000	15.000000	-62.839087
27.000000	15.000000	-62.753186
28.000000	15.000000	-66.721443
29.000000	15.000000	-65.296916
1.000000	16.000000	-64.077322
2.000000	16.000000	-61.888140
3.000000	16.000000	-57.479485
4.000000	16.000000	-60.232032
5.000000	16.000000	-59.977357
6.000000	16.000000	-60.806564
7.000000	16.000000	-55.821210
8.000000	16.000000	-55.065730
9.000000	16.000000	-50.233266
10.000000	16.000000	-49.826705
11.000000	16.000000	-57.541422
12.000000	16.000000	-59.270814
13.000000	16.000000	-54.707651
14.000000	16.000000	-59.167963
15.000000	16.000000	-54.458765
16.000000	16.000000	-58.869769
17.000000	16.000000	-52.598464
18.000000	16.000000	-56.315652
19.000000	16.000000	-57.144670
20.000000	16.000000	-51.769327
21.000000	16.000000	-51.485114
22.000000	16.000000	-55.749725
23.000000	16.000000	-56.170774
24.000000	16.000000	-59.263992
25.000000	16.000000	-61.615835
26.000000	16.000000	-61.488084
27.000000	16.000000	-60.359570
28.000000	16.000000	-63.255265
29.000000	16.000000	-65.578738
1.000000	17.000000	-64.579739
2.000000	17.000000	-65.220188
3.000000	17.000000	-62.791309
4.000000	17.000000	-65.458335
5.000000	17.000000	-63.212593
6.000000	17.000000	-60.280624
7.000000	17.000000	-55.641696
8.000000	17.000000	-51.117579
9.000000	17.000000	-54.280763
10.000000	17.000000	-54.007891
11.000000	17.000000	-53.846717
12.000000	17.000000	-56.615243
13.000000	17.000000	-55.607166
14.000000	17.000000	-57.024375
15.000000	17.000000	-57.428990
16.000000	17.000000	-55.139567
17.000000	17.000000	-57.087211
18.000000	17.000000	-55.621564
19.000000	17.000000	-54.812869
20.000000	17.000000	-53.748557
21.000000	17.000000	-54.852327
22.000000	17.000000	-52.741907
23.000000	17.000000	-57.166180
24.000000	17.000000	-61.780340
25.000000	17.000000	-61.293920
26.000000	17.000000	-63.611966
27.000000	17.000000	-62.865657
28.000000	17.000000	-64.567735
29.000000	17.000000	-65.147091
1.000000	18.000000	-64.552642
2.000000	18.000000	-63.444607
3.000000	18.000000	-58.529899
4.000000	18.000000	-58.745819
5.000000	18.000000	-63.314029
6.000000	18.000000	-55.892998
7.000000	18.000000	-50.795769
8.000000	18.000000	-57.028311
9.000000	18.000000	-54.480571
10.000000	18.000000	-59.755555
11.000000	18.000000	-58.789245
12.000000	18.000000	-57.241875
13.000000	18.000000	-57.216305
14.000000	18.000000	-57.514144
15.000000	18.000000	-57.221653
16.000000	18.000000	-55.931488
17.000000	18.000000	-58.797646
18.000000	18.000000	-57.370634
19.000000	18.000000	-59.915428
20.000000	18.000000	-60.161654
21.000000	18.000000	-54.422808
22.000000	18.000000	-56.109537
23.000000	18.000000	-52.184402
24.000000	18.000000	-58.688202
25.000000	18.000000	-61.664586
26.000000	18.000000	-58.585840
27.000000	18.000000	-57.266114
28.000000	18.000000	-64.976709
29.000000	18.000000	-63.642340
1.000000	19.000000	-61.133978
2.000000	19.000000	-63.799325
3.000000	19.000000	-61.533477
4.000000	19.000000	-63.886481
5.000000	19.000000	-61.789196
6.000000	19.000000	-55.234567
7.000000	19.000000	-59.038460
8.000000	19.000000	-60.747694
9.000000	19.000000	-60.069802
10.000000	19.000000	-58.443772
11.000000	19.000000	-63.448755
12.000000	19.000000	-58.237654
13.000000	19.000000	-59.074381
14.000000	19.000000	-55.901949
15.000000	19.000000	-58.815921
16.000000	19.000000	-57.717408
17.000000	19.000000	-59.636009
18.000000	19.000000	-58.890302
19.000000	19.000000	-63.879320
20.000000	19.000000	-56.700578
21.000000	19.000000	-58.516808
22.000000	19.000000	-60.618591
23.000000	19.000000	-58.717764
24.000000	19.000000	-56.562351
25.000000	19.000000	-61.923582
26.000000	19.000000	-62.294255
27.000000	19.000000	-61.031094
28.000000	19.000000	-63.586328
29.000000	19.000000	-61.876238

Height = 1.500000

X		Y		PL(dB)
1.000000	1.000000	-60.042259
2.000000	1.000000	-60.273308
3.000000	1.000000	-58.539609
4.000000	1.000000	-57.685816
5.000000	1.000000	-54.404508
6.000000	1.000000	-53.519797
7.000000	1.000000	-57.393067
8.000000	1.000000	-57.850081
9.000000	1.000000	-59.862164
10.000000	1.000000	-55.160595
11.000000	1.000000	-57.136139
12.000000	1.000000	-54.858399
13.000000	1.000000	-56.554219
14.000000	1.000000	-55.900883
15.000000	1.000000	-55.409306
16.000000	1.000000	-57.980007
17.000000	1.000000	-56.425466
18.000000	1.000000	-56.166068
19.000000	1.000000	-56.124760
20.000000	1.000000	-55.535237
21.000000	1.000000	-57.611001
22.000000	1.000000	-56.107584
23.000000	1.000000	-56.911007
24.000000	1.000000	-53.899801
25.000000	1.000000	-56.222913
26.000000	1.000000	-58.710967
27.000000	1.000000	-60.926061
28.000000	1.000000	-59.115664
29.000000	1.000000	-56.618141
1.000000	2.000000	-59.111339
2.000000	2.000000	-58.876457
3.000000	2.000000	-57.992720
4.000000	2.000000	-59.047469
5.000000	2.000000	-57.858601
6.000000	2.000000	-57.970774
7.000000	2.000000	-52.531512
8.000000	2.000000	-55.201394
9.000000	2.000000	-56.187742
10.000000	2.000000	-55.739335
11.000000	2.000000	-54.679727
12.000000	2.000000	-54.303739
13.000000	2.000000	-52.883165
14.000000	2.000000	-57.834739
15.000000	2.000000	-55.372996
16.000000	2.000000	-59.164285
17.000000	2.000000	-53.032185
18.000000	2.000000	-54.853718
19.000000	2.000000	-55.224381
20.000000	2.000000	-53.457986
21.000000	2.000000	-56.921706
22.000000	2.000000	-55.385893
23.000000	2.000000	-51.592687
24.000000	2.000000	-56.620267
25.000000	2.000000	-58.357834
26.000000	2.000000	-59.880673
27.000000	2.000000	-60.099031
28.000000	2.000000	-59.704450
29.000000	2.000000	-57.306476
1.000000	3.000000	-61.585947
2.000000	3.000000	-59.520558
3.000000	3.000000	-60.630768
4.000000	3.000000	-60.133310
5.000000	3.000000	-57.702425
6.000000	3.000000	-57.380715
7.000000	3.000000	-57.468805
8.000000	3.000000	-53.954772
9.000000	3.000000	-56.065223
10.000000	3.000000	-56.151108
11.000000	3.000000	-61.162485
12.000000	3.000000	-55.369248
13.000000	3.000000	-58.827789
14.000000	3.000000	-58.737513
15.000000	3.000000	-56.078374
16.000000	3.000000	-59.665938
17.000000	3.000000	-57.360664
18.000000	3.000000	-57.255009
19.000000	3.000000	-60.256555
20.000000	3.000000	-54.494766
21.000000	3.000000	-57.909020
22.000000	3.000000	-54.407429
23.000000	3.000000	-56.849107
24.000000	3.000000	-56.169776
25.000000	3.000000	-57.397031
26.000000	3.000000	-58.956361
27.000000	3.000000	-61.623989
28.000000	3.000000	-59.606115
29.000000	3.000000	-59.833672
1.000000	4.000000	-59.410422
2.000000	4.000000	-61.192173
3.000000	4.000000	-59.686692
4.000000	4.000000	-59.035455
5.000000	4.000000	-57.460580
6.000000	4.000000	-58.634172
7.000000	4.000000	-58.531738
8.000000	4.000000	-57.552922
9.000000	4.000000	-50.981602
10.000000	4.000000	-54.518705
11.000000	4.000000	-53.095438
12.000000	4.000000	-57.795503
13.000000	4.000000	-54.267760
14.000000	4.000000	-56.535644
15.000000	4.000000	-58.858540
16.000000	4.000000	-55.991398
17.000000	4.000000	-56.921442
18.000000	4.000000	-55.185643
19.000000	4.000000	-55.815451
20.000000	4.000000	-55.475063
21.000000	4.000000	-51.009469
22.000000	4.000000	-56.424338
23.000000	4.000000	-59.328121
24.000000	4.000000	-57.066757
25.000000	4.000000	-58.857271
26.000000	4.000000	-56.441985
27.000000	4.000000	-59.460525
28.000000	4.000000	-58.703015
29.000000	4.000000	-58.313811
1.000000	5.000000	-61.072654
2.000000	5.000000	-62.082907
3.000000	5.000000	-60.459873
4.000000	5.000000	-59.620099
5.000000	5.000000	-59.675065
6.000000	5.000000	-57.783003
7.000000	5.000000	-57.086165
8.000000	5.000000	-58.693340
9.000000	5.000000	-53.516569
10.000000	5.000000	-43.375584
11.000000	5.000000	-44.291142
12.000000	5.000000	-47.832933
13.000000	5.000000	-47.533173
14.000000	5.000000	-52.302637
15.000000	5.000000	-46.859165
16.000000	5.000000	-50.435366
17.000000	5.000000	-48.857759
18.000000	5.000000	-47.177152
19.000000	5.000000	-45.038297
20.000000	5.000000	-44.327336
21.000000	5.000000	-54.691651
22.000000	5.000000	-57.671056
23.000000	5.000000	-56.652233
24.000000	5.000000	-56.616164
25.000000	5.000000	-59.553999
26.000000	5.000000	-58.598156
27.000000	5.000000	-59.569509
28.000000	5.000000	-59.435206
29.000000	5.000000	-60.198362
1.000000	6.000000	-63.964717
2.000000	6.000000	-63.760523
3.000000	6.000000	-59.541097
4.000000	6.000000	-59.767575
5.000000	6.000000	-61.582918
6.000000	6.000000	-59.465518
7.000000	6.000000	-60.530473
8.000000	6.000000	-58.534455
9.000000	6.000000	-56.494628
10.000000	6.000000	-45.232436
11.000000	6.000000	-47.260046
12.000000	6.000000	-49.367758
13.000000	6.000000	-51.456021
14.000000	6.000000	-51.273346
15.000000	6.000000	-50.039584
16.000000	6.000000	-50.885249
17.000000	6.000000	-48.050231
18.000000	6.000000	-48.865933
19.000000	6.000000	-47.193411
20.000000	6.000000	-44.955196
21.000000	6.000000	-55.829611
22.000000	6.000000	-58.710996
23.000000	6.000000	-60.540807
24.000000	6.000000	-58.479384
25.000000	6.000000	-59.807085
26.000000	6.000000	-59.984877
27.000000	6.000000	-60.224429
28.000000	6.000000	-60.687179
29.000000	6.000000	-59.920332
1.000000	7.000000	-61.866299
2.000000	7.000000	-63.116213
3.000000	7.000000	-60.577543
4.000000	7.000000	-59.442956
5.000000	7.000000	-59.880098
6.000000	7.000000	-57.161755
7.000000	7.000000	-57.354053
8.000000	7.000000	-58.775616
9.000000	7.000000	-58.996612
10.000000	7.000000	-49.371960
11.000000	7.000000	-51.030004
12.000000	7.000000	-41.679326
13.000000	7.000000	-44.764546
14.000000	7.000000	-49.129154
15.000000	7.000000	-46.795711
16.000000	7.000000	-46.389341
17.000000	7.000000	-44.376628
18.000000	7.000000	-40.787341
19.000000	7.000000	-49.505267
20.000000	7.000000	-50.015534
21.000000	7.000000	-57.838165
22.000000	7.000000	-57.735010
23.000000	7.000000	-56.358592
24.000000	7.000000	-56.051437
25.000000	7.000000	-58.513142
26.000000	7.000000	-61.004279
27.000000	7.000000	-61.638919
28.000000	7.000000	-59.047295
29.000000	7.000000	-58.744230
1.000000	8.000000	-60.854250
2.000000	8.000000	-61.834276
3.000000	8.000000	-62.130902
4.000000	8.000000	-61.377595
5.000000	8.000000	-62.223347
6.000000	8.000000	-59.566729
7.000000	8.000000	-57.669872
8.000000	8.000000	-59.896522
9.000000	8.000000	-58.290411
10.000000	8.000000	-49.808336
11.000000	8.000000	-53.625043
12.000000	8.000000	-45.045974
13.000000	8.000000	-38.615304
14.000000	8.000000	-45.634012
15.000000	8.000000	-40.626901
16.000000	8.000000	-43.968975
17.000000	8.000000	-39.555140
18.000000	8.000000	-45.707271
19.000000	8.000000	-51.556499
20.000000	8.000000	-49.204788
21.000000	8.000000	-57.324694
22.000000	8.000000	-57.873691
23.000000	8.000000	-55.802855
24.000000	8.000000	-57.560954
25.000000	8.000000	-62.873830
26.000000	8.000000	-60.536526
27.000000	8.000000	-63.158290
28.000000	8.000000	-61.670602
29.000000	8.000000	-63.158842
1.000000	9.000000	-61.476863
2.000000	9.000000	-60.303996
3.000000	9.000000	-60.252441
4.000000	9.000000	-60.096967
5.000000	9.000000	-58.039992
6.000000	9.000000	-59.222568
7.000000	9.000000	-60.169614
8.000000	9.000000	-58.025901
9.000000	9.000000	-58.827767
10.000000	9.000000	-51.489162
11.000000	9.000000	-55.027383
12.000000	9.000000	-50.901605
13.000000	9.000000	-45.156904
14.000000	9.000000	-32.963218
15.000000	9.000000	-36.533556
16.000000	9.000000	-33.067058
17.000000	9.000000	-46.169381
18.000000	9.000000	-48.856102
19.000000	9.000000	-52.161759
20.000000	9.000000	-50.181480
21.000000	9.000000	-58.730057
22.000000	9.000000	-59.752771
23.000000	9.000000	-59.669892
24.000000	9.000000	-58.729165
25.000000	9.000000	-57.476455
26.000000	9.000000	-61.416340
27.000000	9.000000	-58.329171
28.000000	9.000000	-60.547719
29.000000	9.000000	-59.879489
1.000000	10.000000	-60.357887
2.000000	10.000000	-60.243333
3.000000	10.000000	-60.130479
4.000000	10.000000	-60.736905
5.000000	10.000000	-58.286578
6.000000	10.000000	-59.503478
7.000000	10.000000	-59.515274
8.000000	10.000000	-59.733704
9.000000	10.000000	-58.199476
10.000000	10.000000	-47.684338
11.000000	10.000000	-50.663532
12.000000	10.000000	-48.863183
13.000000	10.000000	-43.776246
14.000000	10.000000	-36.844433
15.000000	10.000000	0.157161
16.000000	10.000000	-36.533556
17.000000	10.000000	-42.825962
18.000000	10.000000	-46.920056
19.000000	10.000000	-50.614700
20.000000	10.000000	-47.683245
21.000000	10.000000	-59.338828
22.000000	10.000000	-58.952909
23.000000	10.000000	-58.356138
24.000000	10.000000	-58.635112
25.000000	10.000000	-58.153964
26.000000	10.000000	-60.368536
27.000000	10.000000	-59.255307
28.000000	10.000000	-60.765699
29.000000	10.000000	-59.554393
1.000000	11.000000	-59.917787
2.000000	11.000000	-59.738391
3.000000	11.000000	-59.596984
4.000000	11.000000	-57.074964
5.000000	11.000000	-56.375124
6.000000	11.000000	-57.395530
7.000000	11.000000	-60.984417
8.000000	11.000000	-58.906008
9.000000	11.000000	-57.327511
10.000000	11.000000	-51.249212
11.000000	11.000000	-53.098622
12.000000	11.000000	-50.124697
13.000000	11.000000	-44.903519
14.000000	11.000000	-33.141184
15.000000	11.000000	-36.533556
16.000000	11.000000	-33.067058
17.000000	11.000000	-46.233284
18.000000	11.000000	-48.372837
19.000000	11.000000	-51.418739
20.000000	11.000000	-49.846657
21.000000	11.000000	-57.375555
22.000000	11.000000	-58.466732
23.000000	11.000000	-60.352353
24.000000	11.000000	-56.537301
25.000000	11.000000	-56.106708
26.000000	11.000000	-58.254323
27.000000	11.000000	-60.348659
28.000000	11.000000	-60.283220
29.000000	11.000000	-57.381165
1.000000	12.000000	-61.536904
2.000000	12.000000	-60.734231
3.000000	12.000000	-59.773909
4.000000	12.000000	-58.741531
5.000000	12.000000	-59.533100
6.000000	12.000000	-56.375374
7.000000	12.000000	-57.269908
8.000000	12.000000	-59.788251
9.000000	12.000000	-57.051483
10.000000	12.000000	-47.887105
11.000000	12.000000	-51.635282
12.000000	12.000000	-45.581476
13.000000	12.000000	-38.575943
14.000000	12.000000	-45.086341
15.000000	12.000000	-44.513019
16.000000	12.000000	-44.779202
17.000000	12.000000	-38.291048
18.000000	12.000000	-45.346840
19.000000	12.000000	-50.420911
20.000000	12.000000	-47.872182
21.000000	12.000000	-56.997358
22.000000	12.000000	-57.088117
23.000000	12.000000	-55.887370
24.000000	12.000000	-55.744949
25.000000	12.000000	-60.809346
26.000000	12.000000	-59.005468
27.000000	12.000000	-60.307869
28.000000	12.000000	-57.492796
29.000000	12.000000	-61.162339
1.000000	13.000000	-58.285691
2.000000	13.000000	-59.639094
3.000000	13.000000	-60.451589
4.000000	13.000000	-60.927428
5.000000	13.000000	-60.245771
6.000000	13.000000	-56.947774
7.000000	13.000000	-53.780536
8.000000	13.000000	-57.315601
9.000000	13.000000	-55.324950
10.000000	13.000000	-48.592733
11.000000	13.000000	-49.830310
12.000000	13.000000	-41.345451
13.000000	13.000000	-44.806791
14.000000	13.000000	-47.801014
15.000000	13.000000	-47.229312
16.000000	13.000000	-48.557367
17.000000	13.000000	-44.566354
18.000000	13.000000	-39.459670
19.000000	13.000000	-50.168679
20.000000	13.000000	-49.633041
21.000000	13.000000	-52.998869
22.000000	13.000000	-55.639517
23.000000	13.000000	-53.595713
24.000000	13.000000	-55.326840
25.000000	13.000000	-57.328282
26.000000	13.000000	-59.581426
27.000000	13.000000	-59.024766
28.000000	13.000000	-60.002800
29.000000	13.000000	-58.164607
1.000000	14.000000	-61.924255
2.000000	14.000000	-61.081332
3.000000	14.000000	-59.719919
4.000000	14.000000	-60.490355
5.000000	14.000000	-60.878213
6.000000	14.000000	-59.479413
7.000000	14.000000	-58.858460
8.000000	14.000000	-59.074758
9.000000	14.000000	-54.545288
10.000000	14.000000	-44.588959
11.000000	14.000000	-46.947881
12.000000	14.000000	-49.554034
13.000000	14.000000	-49.646496
14.000000	14.000000	-51.512771
15.000000	14.000000	-50.571404
16.000000	14.000000	-50.291881
17.000000	14.000000	-50.866432
18.000000	14.000000	-49.075528
19.000000	14.000000	-46.146127
20.000000	14.000000	-45.496720
21.000000	14.000000	-54.817806
22.000000	14.000000	-59.225575
23.000000	14.000000	-60.107607
24.000000	14.000000	-57.579253
25.000000	14.000000	-61.169679
26.000000	14.000000	-58.940764
27.000000	14.000000	-58.775977
28.000000	14.000000	-60.160169
29.000000	14.000000	-58.880053
1.000000	15.000000	-62.568150
2.000000	15.000000	-60.774435
3.000000	15.000000	-61.230055
4.000000	15.000000	-61.838805
5.000000	15.000000	-60.096150
6.000000	15.000000	-56.204299
7.000000	15.000000	-57.113043
8.000000	15.000000	-57.107556
9.000000	15.000000	-53.991181
10.000000	15.000000	-44.233857
11.000000	15.000000	-44.688148
12.000000	15.000000	-48.663663
13.000000	15.000000	-49.510790
14.000000	15.000000	-52.502800
15.000000	15.000000	-46.225804
16.000000	15.000000	-50.661223
17.000000	15.000000	-48.207961
18.000000	15.000000	-48.075336
19.000000	15.000000	-45.105067
20.000000	15.000000	-44.767341
21.000000	15.000000	-54.878020
22.000000	15.000000	-57.109543
23.000000	15.000000	-56.772838
24.000000	15.000000	-55.118122
25.000000	15.000000	-57.437462
26.000000	15.000000	-60.448385
27.000000	15.000000	-59.019407
28.000000	15.000000	-61.929924
29.000000	15.000000	-63.218433
1.000000	16.000000	-60.103739
2.000000	16.000000	-59.747455
3.000000	16.000000	-60.177551
4.000000	16.000000	-60.223778
5.000000	16.000000	-62.356098
6.000000	16.000000	-58.354003
7.000000	16.000000	-59.177879
8.000000	16.000000	-57.653532
9.000000	16.000000	-51.083355
10.000000	16.000000	-53.452146
11.000000	16.000000	-54.100473
12.000000	16.000000	-59.534334
13.000000	16.000000	-57.524585
14.000000	16.000000	-56.776502
15.000000	16.000000	-54.376088
16.000000	16.000000	-56.302373
17.000000	16.000000	-53.249585
18.000000	16.000000	-55.159942
19.000000	16.000000	-55.612537
20.000000	16.000000	-54.530122
21.000000	16.000000	-51.034338
22.000000	16.000000	-57.084620
23.000000	16.000000	-58.244968
24.000000	16.000000	-55.746903
25.000000	16.000000	-60.169078
26.000000	16.000000	-59.060812
27.000000	16.000000	-59.789146
28.000000	16.000000	-59.442502
29.000000	16.000000	-59.740459
1.000000	17.000000	-58.536123
2.000000	17.000000	-60.184444
3.000000	17.000000	-62.542145
4.000000	17.000000	-59.451630
5.000000	17.000000	-57.105540
6.000000	17.000000	-56.982297
7.000000	17.000000	-55.887032
8.000000	17.000000	-54.177203
9.000000	17.000000	-57.645790
10.000000	17.000000	-57.285765
11.000000	17.000000	-60.076252
12.000000	17.000000	-57.874537
13.000000	17.000000	-59.469625
14.000000	17.000000	-56.901273
15.000000	17.000000	-55.877564
16.000000	17.000000	-56.343257
17.000000	17.000000	-58.441704
18.000000	17.000000	-58.175385
19.000000	17.000000	-59.169758
20.000000	17.000000	-56.401157
21.000000	17.000000	-58.768617
22.000000	17.000000	-54.132227
23.000000	17.000000	-57.791993
24.000000	17.000000	-57.673653
25.000000	17.000000	-56.846414
26.000000	17.000000	-60.026548
27.000000	17.000000	-61.031275
28.000000	17.000000	-57.880011
29.000000	17.000000	-59.965794
1.000000	18.000000	-58.165983
2.000000	18.000000	-59.667899
3.000000	18.000000	-58.496703
4.000000	18.000000	-60.697582
5.000000	18.000000	-59.305887
6.000000	18.000000	-55.407412
7.000000	18.000000	-52.412251
8.000000	18.000000	-56.081806
9.000000	18.000000	-58.852600
10.000000	18.000000	-56.084336
11.000000	18.000000	-59.227690
12.000000	18.000000	-55.470589
13.000000	18.000000	-55.364571
14.000000	18.000000	-59.117389
15.000000	18.000000	-54.753979
16.000000	18.000000	-59.161104
17.000000	18.000000	-54.959735
18.000000	18.000000	-54.839404
19.000000	18.000000	-56.835203
20.000000	18.000000	-54.836528
21.000000	18.000000	-57.035646
22.000000	18.000000	-54.559883
23.000000	18.000000	-52.552795
24.000000	18.000000	-57.543406
25.000000	18.000000	-57.972469
26.000000	18.000000	-60.398068
27.000000	18.000000	-59.014009
28.000000	18.000000	-60.512206
29.000000	18.000000	-58.012219
1.000000	19.000000	-57.954391
2.000000	19.000000	-60.541222
3.000000	19.000000	-60.284945
4.000000	19.000000	-57.742557
5.000000	19.000000	-54.557446
6.000000	19.000000	-53.411717
7.000000	19.000000	-54.574143
8.000000	19.000000	-58.422721
9.000000	19.000000	-57.032660
10.000000	19.000000	-55.298648
11.000000	19.000000	-59.288339
12.000000	19.000000	-54.337788
13.000000	19.000000	-57.916466
14.000000	19.000000	-55.948725
15.000000	19.000000	-56.824584
16.000000	19.000000	-56.784935
17.000000	19.000000	-57.936785
18.000000	19.000000	-55.175828
19.000000	19.000000	-58.970695
20.000000	19.000000	-56.410319
21.000000	19.000000	-57.334260
22.000000	19.000000	-57.462785
23.000000	19.000000	-54.870842
24.000000	19.000000	-53.039920
25.000000	19.000000	-53.421491
26.000000	19.000000	-57.756018
27.000000	19.000000	-58.309339
28.000000	19.000000	-59.683660
29.000000	19.000000	-58.287073
